0.37581894,0.778805,0.03,0.35,0.7,1,0.2
0.46485853,0.778805,0.05,0.27,0.7,1,0.2
0.67566705,0.778805,0.05,0.27,0.7,1,0.3
0.6788821999999999,0.778805,-0.14,0.08,0.7,1,0.3
0.6213364,0.8804350000000001,-0.14,0.08,0.0,1,0.3
0.5847855,0.8804350000000001,-0.14,0.08,0.0,1,0.3
0.6054254,0.8804350000000001,-0.14,0.08,0.0,1,0.3
0.6054254,0.661328,-0.14,0.08,0.0,1,0.3
0.3684656,0.661328,-0.14,0.08,0.0,1,0.3
0.5845111999999999,0.661328,-0.14,0.08,0.0,1,0.3
0.5851903,0.661328,0.17,0.51,0.0,1,0.3
0.41659698,0.661328,0.17,0.51,0.0,1,0.3
0.41659698,0.661328,0.28,0.26,0.0,1,0.3
0.5944136999999999,0.661328,0.28,0.26,0.0,1,0.3
0.6864722,0.661328,0.28,0.26,0.0,1,0.3
0.41361943,0.661328,0.28,0.26,0.0,1,0.3
0.41361943,0.661328,0.28,0.26,0.0,1,0.3
0.41361943,0.0,0.28,0.26,0.6,1,0.3
0.58695084,0.0,0.28,0.26,0.6,1,0.3
0.4986678,0.0,0.31,0.32,0.6,1,0.3
0.38138497,0.0,0.31,0.32,0.6,1,0.3
0.60248816,0.0,0.31,0.32,0.6,1,0.3
0.48517606,0.0,0.31,0.32,0.6,1,0.3
-0.0156160295,0.0,0.31,0.32,0.6,1,0.3
0.26961666,0.0,0.31,0.32,0.6,1,0.3
0.0053436793,0.0,0.31,0.32,0.6,1,0.3
0.15557444,0.0,0.31,0.32,0.6,1,0.2
0.31581494,0.0,0.31,0.32,0.6,1,0.2
0.31581494,0.0,-0.02,0.38,0.6,1,0.0
-0.039773352000000005,0.0,-0.02,0.38,0.6,1,0.0
-0.039773352000000005,0.0,-0.02,0.38,0.6,1,0.0
0.41200206,0.0,-0.02,0.38,0.6,1,0.0
0.6537944,0.0,-0.02,0.38,0.6,1,0.0
0.57188207,0.0,-0.02,0.38,0.6,1,0.0
0.4718561,0.0,-0.02,0.38,0.6,1,0.0
0.43213567,0.0,0.11,0.16,0.6,1,0.0
0.21570484,0.0,0.11,0.16,0.6,1,-0.1
0.5841415,0.0,0.11,0.16,0.6,1,-0.4
0.50165915,0.0,0.11,0.16,0.27,1,-0.4
0.008256469,0.0,0.11,0.16,0.27,1,-0.4
0.17782694,0.0,0.11,0.16,0.27,1,-0.4
0.17782694,0.0,0.05,0.38,0.27,1,-0.4
0.2907534,0.0,0.05,0.38,0.27,1,-0.4
0.39818576,0.0,0.05,0.38,0.27,1,-0.4
0.45609272,0.0,0.15,0.54,0.27,1,-0.4
0.592587,0.0,0.15,0.54,0.27,1,-0.6
0.5917463000000001,0.0,0.15,0.54,0.27,1,0.0
0.47086933,0.0,0.15,0.54,0.27,1,0.3
0.47086933,0.0,0.15,0.54,0.27,1,0.4
0.47086933,0.0,0.04,0.1,0.27,1,0.4
0.47086933,0.0,0.04,0.1,0.27,1,0.4
0.67287594,0.0,0.04,0.1,0.27,1,0.5
0.62936175,0.0,0.04,0.1,0.27,1,0.5
0.36466402,0.0,0.04,0.1,0.27,1,0.5
0.35393295,0.0,0.04,0.1,0.27,1,0.5
0.6355224,0.0,0.04,0.1,0.27,1,0.5
0.5491755,0.0,0.04,0.1,0.27,1,0.5
0.55158454,0.0,0.23,0.13,0.27,1,0.2
-0.070666105,0.0,0.23,0.13,0.27,1,0.0
0.0669068,0.0,0.23,0.13,0.27,1,0.0
-0.032777965,0.0,0.21,-0.08,0.27,1,0.0
0.021082062,0.0,0.27,0.34,0.27,1,-0.3
0.021082062,0.0,0.27,0.34,0.27,1,-0.3
0.0004842393,0.0,0.13,0.37,0.27,1,-0.3
0.5612680999999999,0.0,0.13,0.37,0.27,1,-0.3
0.54043996,0.0,0.13,0.37,0.27,1,-0.3
0.13259676,0.0,0.13,0.37,0.27,1,-0.3
0.41463047,0.0,0.13,0.37,0.27,1,-0.3
0.41463047,0.0,0.13,0.37,0.090625,1,-0.3
0.45105317,0.0,0.19,0.4,0.090625,1,-0.3
0.054707296,0.0,0.19,0.4,0.090625,1,-0.3
0.33605662,0.0,0.19,0.4,0.090625,1,-0.3
0.29473773,0.0,0.13,1.06,0.090625,1,-0.3
0.43458137,0.0,0.13,1.06,0.090625,1,-0.3
0.46248642,-0.546022,0.13,1.06,-0.5666666666666665,1,-0.3
0.46248642,-0.546022,0.13,1.06,-0.5666666666666665,1,-0.3
0.6285241,-0.546022,0.13,1.06,-0.5666666666666665,1,-0.3
0.6305331000000001,0.0,0.13,1.06,0.12916666666666668,1,-0.3
0.48522097,0.0,0.13,1.06,0.12916666666666668,1,-0.3
0.48522097,0.0,0.13,1.06,0.12916666666666668,1,-0.3
0.09120518,0.0,0.13,1.06,0.12916666666666668,1,-0.3
0.01751662,0.0,0.13,1.06,0.12916666666666668,1,-0.3
0.27272993,0.0,0.13,1.06,0.12916666666666668,1,-0.3
0.27272993,0.0,0.16,0.35,0.12916666666666668,1,-0.3
0.6884324,0.0,0.16,0.35,0.12916666666666668,1,-0.3
0.56240356,0.0,0.16,0.35,0.12916666666666668,1,-0.3
0.56240356,0.0,0.16,0.35,0.12916666666666668,1,-0.3
0.56240356,0.0,0.16,0.35,0.12916666666666668,1,-0.3
0.59466404,0.79835,0.16,0.35,0.12916666666666668,1,-0.3
0.6067509,0.79835,0.16,0.35,0.12916666666666668,1,-0.2
0.6067509,0.79835,0.1,0.22,0.12916666666666668,1,-0.2
0.49269837,0.79835,0.1,0.22,0.12916666666666668,1,-0.3
0.5817593000000001,-0.5197689999999999,0.1,0.22,0.0,1,-0.3
0.49878964,-0.5197689999999999,0.17,0.41,0.0,1,-0.3
0.49685133,-0.5197689999999999,0.17,0.41,0.0,1,-0.3
0.5767581999999999,-0.5197689999999999,0.17,0.41,0.0,1,-0.3
0.5767581999999999,-0.5197689999999999,0.03,0.1,0.0,1,-0.3
0.46691257,-0.5197689999999999,0.03,0.1,0.0,1,-0.3
0.4438939,-0.7702859999999999,0.03,0.1,-0.25,1,-0.3
0.25185496,-0.7702859999999999,0.03,0.1,-0.25,1,-0.3
0.39524236,-0.7702859999999999,0.03,0.1,-0.25,1,-0.3
0.45244715,-0.7702859999999999,0.26,0.3,-0.25,1,-0.5
-0.09878889,-0.7702859999999999,0.26,0.3,-0.25,1,-0.6
0.113458715,-0.7702859999999999,0.26,0.3,-0.25,1,-0.6
0.04127369,-0.7702859999999999,0.24,0.44,-0.25,1,-0.6
0.30792472,-0.7702859999999999,0.24,0.44,-0.25,1,-0.6
0.124702096,-0.7702859999999999,0.24,0.44,-0.25,1,-0.6
0.27957284,-0.7702859999999999,-0.04,-0.07,-0.25,1,-0.6
0.27957284,-0.7702859999999999,-0.04,-0.07,-0.25,1,-0.6
0.50698054,-0.7702859999999999,-0.04,-0.07,-0.25,1,-0.6
0.5284312,-0.7702859999999999,-0.04,-0.07,-0.25,1,-0.6
0.3294618,-0.7702859999999999,-0.04,-0.07,-0.25,1,-0.6
0.48047745,-0.7702859999999999,-0.04,-0.07,-0.25,1,-0.6
0.48047745,0.0,-0.04,-0.07,0.0,1,-0.6
0.48047745,0.0,-0.04,-0.07,0.0,1,-0.6
0.4685889,0.0,0.16,0.34,0.0,1,-0.6
0.46911147,0.0,0.1,0.3,0.0,1,-0.6
0.44077143,0.0,0.1,0.3,0.0,1,-0.6
0.27084684,0.0,0.1,0.3,0.0,1,-0.6
0.38987204,0.0,0.1,0.3,0.0,1,-0.7
0.25289893,0.0,0.1,0.3,0.0,1,-0.7
0.392554,0.0,0.1,0.3,0.0,1,-0.7
0.392554,-0.931034,0.1,0.3,-0.5,1,-0.7
0.45961326,0.0,0.1,0.3,0.0,1,-0.7
0.4835596,0.0,0.1,0.3,0.5,1,-0.8
0.4835596,0.0,0.29,0.48,0.5,1,-0.8
0.42285386,0.696657,0.29,0.48,0.014583333333333337,1,-0.8
0.33948886,0.0,0.29,0.48,0.014583333333333337,1,-0.8
0.22152293,0.0,0.29,0.48,0.014583333333333337,1,-0.8
0.22152293,0.0,0.29,0.48,0.014583333333333337,1,-0.8
0.27355582,0.0,0.35,0.57,0.014583333333333337,1,-0.8
0.63509434,0.0,0.35,0.57,0.014583333333333337,1,-0.8
0.41411,0.0,0.35,0.57,0.014583333333333337,1,-0.8
0.6647808000000001,0.0,0.35,0.57,0.014583333333333337,1,-0.8
0.6647808000000001,0.0,0.35,0.57,0.014583333333333337,1,-0.8
0.58747184,0.0,0.35,0.57,0.014583333333333337,1,-0.8
0.46365672,0.0,0.35,0.57,0.014583333333333337,1,-0.8
0.59733754,0.0,0.35,0.57,0.014583333333333337,1,-0.8
0.6327606,0.0,0.35,0.57,0.014583333333333337,1,-0.8
0.5935443,0.0,0.1,0.02,0.014583333333333337,1,-0.8
0.43706354,0.0,0.1,0.02,0.014583333333333337,1,-0.8
0.5926537,0.0,0.1,0.02,0.014583333333333337,1,-0.8
0.4900594,0.0,0.1,0.02,0.014583333333333337,1,-0.8
0.25936079999999995,0.0,0.1,0.02,0.014583333333333337,1,-0.8
0.057086036,0.0,0.1,0.02,0.014583333333333337,1,-0.8
0.057086036,0.0,0.21,0.53,0.014583333333333337,1,-0.6
0.39883098,0.0,0.21,0.53,0.014583333333333337,1,-0.6
0.39883098,-0.5315409999999999,0.21,0.53,0.6,1,-0.5
0.11100345,-0.5315409999999999,0.21,0.53,0.6,1,-0.5
0.11100345,-0.5315409999999999,0.09,0.09,0.6,1,-0.4
-0.041238822,-0.5315409999999999,0.09,0.09,0.6,1,-0.2
-0.041238822,-0.5315409999999999,0.09,0.09,0.6,1,-0.1
0.19370118,-0.5315409999999999,0.09,0.09,0.6,1,0.0
0.3802491,-0.5315409999999999,0.09,0.09,0.6,1,0.0
0.3802491,-0.5315409999999999,0.09,0.09,0.6,1,0.0
0.6454041,-0.5315409999999999,0.09,0.09,0.6,1,-0.2
0.6454041,0.0,0.09,0.09,0.0,1,-0.2
0.36874998,0.0,0.09,0.09,0.0,1,0.0
0.5108042,0.0,0.09,0.09,0.0,1,0.0
0.35688964,0.0,0.09,0.09,0.0,1,0.0
0.35688964,0.0,0.09,0.09,0.16666666666666666,1,0.0
0.4266337000000001,0.0,0.09,0.09,0.3833333333333333,1,0.0
0.3144269,0.0,0.09,0.09,0.3833333333333333,1,0.0
0.3144269,0.0,0.38,0.43,0.3833333333333333,1,0.0
0.57014143,0.0,0.38,0.43,0.3833333333333333,1,0.0
0.40079612,0.0,0.38,0.43,0.3833333333333333,1,0.0
0.25302142,0.0,0.38,0.43,0.3833333333333333,1,0.0
0.25302142,0.0,0.38,0.43,0.3833333333333333,1,0.0
0.402328,0.0,0.38,0.43,0.3833333333333333,1,0.0
0.402328,0.0,0.02,0.37,0.3833333333333333,1,0.1
0.6635637,0.0,0.02,0.37,0.3833333333333333,1,0.1
0.6635637,0.0,0.02,0.37,0.3833333333333333,1,0.1
0.5425835999999999,0.0,0.02,0.37,0.3833333333333333,1,0.3
0.3768447,0.0,0.02,0.37,0.3833333333333333,1,0.4
0.42789692,0.0,-0.04,0.36,0.3833333333333333,1,0.4
0.5615569,0.0,-0.04,0.36,0.3833333333333333,1,0.4
0.5615569,0.526604,-0.04,0.36,0.4666666666666666,1,0.4
0.5371728,0.526604,0.17,0.28,0.4666666666666666,1,0.4
0.4366353,0.526604,0.17,0.28,0.4666666666666666,1,0.4
0.30444628,0.526604,0.17,0.28,0.4666666666666666,1,0.4
0.34368905,0.526604,0.25,0.36,0.4666666666666666,1,0.4
0.09508088,0.526604,0.25,0.36,0.4666666666666666,1,0.4
0.09508088,0.0,0.25,0.36,-0.3333333333333333,1,0.4
-0.04609651,0.0,0.25,0.36,-0.3333333333333333,1,0.4
0.43677586,0.0,0.25,0.36,-0.3333333333333333,1,0.4
0.12925541,0.0,0.25,0.36,-0.3333333333333333,1,0.4
0.16370875,0.0,0.25,0.36,-0.3333333333333333,1,0.4
0.29727513,0.0,0.25,0.36,-0.3333333333333333,1,0.4
0.61864877,0.0,0.25,0.36,-0.3333333333333333,1,0.4
0.5698848000000001,0.0,0.25,0.36,-0.3333333333333333,1,0.4
0.57681984,0.0,0.25,0.36,-0.3333333333333333,1,0.4
0.61454177,0.0,0.21,0.21,-0.3333333333333333,1,0.4
0.49966574,0.0,0.21,0.21,-0.3333333333333333,1,0.4
0.5522958,0.0,0.21,0.21,-0.3333333333333333,1,0.5
0.2564021,0.0,0.21,0.21,-0.3333333333333333,1,0.5
0.2747345,-0.5113439999999999,0.21,0.21,-0.01666666666666668,1,0.5
0.2747345,-0.5113439999999999,0.21,0.21,-0.01666666666666668,1,0.5
0.38157615,-0.5113439999999999,0.21,0.21,-0.01666666666666668,1,0.5
0.55914843,-0.5113439999999999,0.21,0.21,-0.01666666666666668,1,0.5
0.53005755,-0.5113439999999999,0.21,0.21,-0.01666666666666668,1,0.5
0.6334039,-0.5113439999999999,0.11,0.43,-0.01666666666666668,1,0.5
0.43480334,-0.5113439999999999,0.11,0.43,-0.01666666666666668,1,0.5
0.43480334,-0.5113439999999999,0.11,0.43,-0.01666666666666668,1,0.5
0.565932,-0.5113439999999999,0.11,0.43,-0.01666666666666668,1,0.5
0.54337084,-0.5113439999999999,0.11,0.43,-0.01666666666666668,1,0.5
0.50384367,-0.511382,0.11,0.43,0.0,1,0.5
0.43511388,-0.511382,0.06,0.17,0.0,1,0.5
0.4396962,0.8997450000000001,0.06,0.17,0.525,1,0.5
0.48075145,-0.507566,0.06,0.17,0.0500000000000001,1,0.5
0.48075145,-0.507566,0.06,0.17,0.0500000000000001,1,0.5
0.34611833,-0.507566,0.06,0.17,0.0500000000000001,1,0.5
0.6558779,-0.507566,0.06,0.17,0.0500000000000001,1,0.5
0.6811571999999999,-0.507566,-0.12,-0.1,0.0500000000000001,1,0.8
0.49047682,-0.507566,-0.12,-0.1,0.0500000000000001,1,0.9
0.5591858000000001,-0.507566,-0.12,-0.1,0.0500000000000001,1,0.9
0.55873674,-0.507566,-0.05,0.19,0.0500000000000001,1,0.9
0.654692,-0.507566,0,0,0.0500000000000001,1,0.9
0.5173434,-0.507566,0,0,0.0500000000000001,1,0.9
0.6234141,0,0,0,0,1,0.9
0.19099656,0.0,0.18,0.06,0.0,0,0.9
0.44394273,0.0,0.18,0.06,0.0,0,0.0
0.4683673,-0.936343,0.18,0.06,0.2,0,0.0
0.47253704,-0.936343,-0.02,0.13,0.2,0,0.0
0.120503604,-0.936343,-0.02,0.13,0.2,0,0.0
0.120503604,-0.936343,0.18,0.24,0.2,0,0.0
0.23744081,-0.936343,0.18,0.24,0.2,0,0.0
0.19012922,-0.936343,0.1,0.15,0.2,0,0.0
-0.03244368,-0.936343,0.1,0.15,0.2,0,0.0
0.1034296,-0.936343,0.1,0.15,0.2,0,0.0
0.52815884,-0.936343,0.1,0.15,0.2,0,0.0
0.52685976,-0.577667,0.1,0.15,-0.25,0,0.0
0.64560604,-0.577667,0.1,0.15,-0.25,0,0.0
0.62674046,-0.577667,0.12,0.17,-0.25,0,0.0
0.39833382,-0.577667,0.12,0.17,-0.25,0,0.0
0.20009252,-0.577667,0.12,0.17,-0.25,0,0.0
0.38368475,-0.577667,0.12,0.17,-0.25,0,0.0
0.38368475,-0.577667,-0.01,0.18,-0.25,0,0.0
0.2826616,-0.577667,-0.01,0.18,-0.25,0,0.0
0.3919772,-0.577667,-0.01,0.18,-0.25,0,0.0
0.3919772,0.0,-0.01,0.18,-0.016666666666666646,0,0.0
0.36373162,0.0,0.09,0.07,-0.016666666666666646,0,0.0
0.49281454,0.0,0.09,0.07,-0.016666666666666646,0,0.0
0.49281454,0.0,0.18,0.11,-0.016666666666666646,0,0.0
0.51102877,0.659096,0.18,0.11,0.0,0,0.0
0.6779400999999999,0.659096,0.18,0.11,0.0,0,0.0
0.6981824999999999,0.659096,0.2,0.5,0.0,0,0.0
0.6613704,0.7399100000000001,0.2,0.5,0.325,0,0.0
0.6444887,0.7399100000000001,0.16,0.23,0.325,0,0.0
0.65136737,0.7399100000000001,0.18,0.26,0.325,0,0.0
0.0203076,0.7399100000000001,0.18,0.26,0.325,0,0.0
0.362425,0.7399100000000001,0.18,0.26,0.325,0,0.0
0.41684622,0.0,0.18,0.26,0.0,0,0.0
0.41684622,0.5364329999999999,0.18,0.26,0.4166666666666667,0,0.0
0.6192875,0.5364329999999999,0.18,0.26,0.4166666666666667,0,0.0
0.5999259,0.5364329999999999,0.05,-0.01,0.4166666666666667,0,0.0
0.5743199999999999,0.0,0.05,-0.01,0.4166666666666667,0,0.0
0.5743199999999999,0.0,0.05,-0.01,0.0,0,0.0
0.5743199999999999,-0.735911,0.05,-0.01,0.0,0,0.0
0.6813518,-0.735911,0.05,-0.01,0.0,0,0.0
0.6813518,-0.735911,0.05,-0.01,0.0642857142857143,0,0.0
0.67978585,-0.703593,0.05,-0.01,0.0642857142857143,0,0.0
0.57765394,-0.703593,0.05,-0.01,0.0642857142857143,0,0.0
0.21307811,-0.703593,0.05,-0.01,0.0642857142857143,0,0.0
0.56487954,-0.703593,0.05,-0.01,0.0642857142857143,0,0.0
0.49230283,-0.703593,0.12,0.11,0.0642857142857143,0,0.0
0.62975985,-0.703593,0.12,0.11,0.0642857142857143,0,0.0
0.62975985,-0.703593,0.25,0.25,0.0642857142857143,0,0.0
0.468619,-0.703593,0.25,0.25,0.0642857142857143,0,0.0
0.6398134,-0.703593,0.25,0.25,0.0642857142857143,0,0.0
0.6398134,-0.703593,0.25,0.25,0.0,0,0.0
0.58760476,-0.589375,0.25,0.25,0.0,0,0.0
0.5934216999999999,-0.589375,0.24,0.32,0.0,0,0.0
0.46866634,-0.589375,0.24,0.32,0.0,0,0.0
0.5938673000000001,-0.589375,0.24,0.32,0.0,0,0.0
0.5938673000000001,0.0,0.24,0.32,0.0,0,0.0
0.4549277,0.0,0.07,0.2,0.0,0,0.0
0.5378075,0.0,0.07,0.2,-0.25,0,0.0
0.5378075,-0.670903,0.07,0.2,-0.25,0,0.0
0.57655954,-0.670903,-0.09,0.18,-0.25,0,0.0
0.62822723,-0.670903,-0.09,0.18,0.0,0,0.0
0.62822723,-0.670903,0.26,0.29,0.0,0,0.0
0.5699129,0.0,0.26,0.29,0.0,0,0.0
0.5747085999999999,0.0,-0.19,0.05,0.0,0,0.0
0.5726857,0.0,-0.19,0.05,-0.20277777777777775,0,0.0
0.5726857,-0.521109,-0.19,0.05,-0.20277777777777775,0,0.0
0.6789799,-0.521109,-0.19,0.05,-0.20277777777777775,0,0.0
0.54408777,-0.521109,-0.19,0.05,-0.20277777777777775,0,0.0
0.54408777,-0.521109,0.31,0.26,-0.20277777777777775,0,0.0
0.61475426,-0.521109,0.23,0.26,-0.20277777777777775,0,0.0
0.52010757,-0.521109,0.29,0.26,-0.20277777777777775,0,-0.5
0.61330754,-0.521109,0.35,0.38,-0.20277777777777775,0,-0.3
0.32641828,-0.521109,0.35,0.38,-0.20277777777777775,0,-0.3
0.39295617,-0.521109,0.35,0.38,0.2,0,-0.3
0.39295617,-0.962547,0.35,0.38,0.2,0,-0.2
0.26041585,-0.962547,0.35,0.38,0.2,0,-0.1
0.26041585,-0.962547,0.35,0.38,0.45,0,0.0
0.26701972,0.0,0.35,0.38,0.45,0,0.0
0.6416653,0.0,0.35,0.38,0.45,0,0.0
0.6416653,0.0,0.35,0.38,-0.25,0,0.0
0.52712876,0.0,0.35,0.38,-0.25,0,0.0
0.52712876,0.0,0.18,0.33,-0.25,0,0.0
0.46719897,0.0,0.18,0.33,0.0,0,0.0
0.44813025,0.0,0.18,0.33,-0.5,0,0.0
0.6079222,0.0,0.18,0.33,-0.5,0,0.0
0.6079222,-0.666744,0.18,0.33,-0.5,0,0.0
0.5707349,-0.666744,0.18,0.33,-0.6999999999999998,0,0.0
0.551813,0.0,0.18,0.33,-0.6999999999999998,0,0.0
0.551813,0.0,0.26,0.21,-0.6999999999999998,0,0.0
0.5135344000000001,0.0,0.14,0.25,-0.6999999999999998,0,0.0
0.2899277,0.0,0.14,0.25,-0.6999999999999998,0,0.0
0.40472117,0.0,0.14,0.25,-0.6999999999999998,0,0.0
0.5493859,0.0,0.14,0.25,-0.6999999999999998,0,0.0
0.5493859,0.0,0.18,0.34,-0.6999999999999998,0,0.0
0.48320848,0.0,0.18,0.34,0.0,0,0.0
0.48320848,0.5457420000000001,0.18,0.34,0.0,0,0.0
0.27791876,0.5457420000000001,0.18,0.34,0.0,0,0.0
0.27791876,0.5457420000000001,0.18,0.34,0.0500000000000001,0,0.0
0.5214032000000001,0.5457420000000001,0.18,0.34,0.0500000000000001,0,0.0
0.5214032000000001,-0.567785,0.18,0.34,0.0500000000000001,0,0.0
0.5214032000000001,-0.567785,0.18,0.31,0.0500000000000001,0,0.0
0.37159854,-0.567785,0.18,0.31,0.0500000000000001,0,0.0
0.583044,-0.567785,0.18,0.31,0.0500000000000001,0,0.0
0.68126166,-0.567785,0.18,0.31,-0.8499999999999999,0,0.0
0.68126166,-0.637783,0.18,0.31,-0.8499999999999999,0,0.0
0.6714384,-0.637783,0.33,0.33,-0.8499999999999999,0,0.0
0.5233561999999999,-0.637783,0.33,0.33,-0.8499999999999999,0,0.0
0.5233561999999999,-0.637783,0.19,0.14,-0.8499999999999999,0,0.0
0.6391834,-0.637783,0.19,0.14,-0.8499999999999999,0,0.0
0.63056064,-0.637783,0.19,0.14,0.20000000000000007,0,0.0
0.63056064,-0.704238,0.19,0.14,0.20000000000000007,0,0.0
0.60442597,-0.704238,0.19,0.3,0.20000000000000007,0,0.0
0.5659748,-0.704238,0.22,0.47,0.20000000000000007,0,0.0
0.56873834,-0.704238,0.25,0.33,0.20000000000000007,0,0.0
0.28440434,-0.704238,0.25,0.33,0.20000000000000007,0,0.0
0.0508023,-0.704238,0.25,0.33,0.20000000000000007,0,0.0
0.37411857,-0.704238,0.25,0.33,0.20000000000000007,0,0.0
0.6585276,-0.704238,0.25,0.33,0.20000000000000007,0,0.0
0.71661496,-0.704238,0.24,0.25,0.20000000000000007,0,0.0
0.71661496,-0.704238,0.24,0.25,0.20000000000000007,0,0.0
0.6526046999999999,-0.704238,0.24,0.25,0.0,0,0.0
0.5645338000000001,0.0,0.24,0.25,0.0,0,0.0
0.5645338000000001,0.0,0.24,0.25,0.0,0,0.0
0.51986986,0.0,0.16,0.19,0.0,0,0.0
0.53242266,0.0,0.16,0.19,0.23333333333333334,0,0.0
0.35931125,0.0,0.16,0.19,0.23333333333333334,0,0.0
0.483131,0.0,0.16,0.19,0.23333333333333334,0,0.0
-0.09804724,0.0,0.16,0.19,0.23333333333333334,0,0.0
0.370277,0.0,0.16,0.19,0.23333333333333334,0,0.0
0.4702285,0.0,0.34,0.47,0.23333333333333334,0,-0.3
0.46350852,0.0,0.34,0.47,0.26875,0,-0.3
0.46488854,0.0,0.24,0.27,0.26875,0,-0.3
0.5781466,0.0,0.24,0.27,0.26875,0,-0.3
0.6019915,0.0,0.24,0.27,0.0,0,-0.3
0.54255253,0.0,0.37,0.54,0.0,0,-0.3
0.6607966,0.0,0.37,0.54,0.0,0,-0.3
0.52240086,0.0,0.37,0.54,0.0,0,-0.3
0.37341845,0.0,0.37,0.54,0.0,0,-0.3
0.47187757,0.0,0.37,0.54,-0.125,0,-0.3
0.5376679,-0.8780370000000001,0.37,0.54,-0.125,0,-0.3
0.58948505,-0.8780370000000001,0.33,0.35,-0.125,0,-0.3
0.48819485,-0.8780370000000001,0.33,0.35,-0.125,0,-0.3
0.51421905,-0.8780370000000001,0.33,0.35,0.0,0,-0.3
0.51421905,-0.726895,0.33,0.35,0.0,0,-0.3
0.23050235,-0.726895,0.33,0.35,0.0,0,-0.3
0.23050235,-0.726895,0.26,0.24,0.0,0,-0.3
0.4344249,-0.726895,0.26,0.24,0.0,0,-0.3
0.13839161,-0.726895,0.26,0.24,0.0,0,-0.3
0.50317526,-0.726895,0.26,0.24,0.0,0,-0.3
0.5695231,-0.726895,0.26,0.24,-0.6,0,-0.3
0.5695231,-0.6037640000000001,0.26,0.24,-0.6,0,-0.3
-0.10762222,-0.6037640000000001,0.26,0.24,-0.6,0,-0.3
-0.10762222,-0.6037640000000001,0.26,0.49,-0.6,0,-0.3
0.5753143000000001,-0.6037640000000001,0.26,0.49,-0.6,0,-0.3
0.6361418000000001,-0.6037640000000001,0.26,0.49,0.0,0,-0.3
0.6361418000000001,0.0,0.26,0.49,-0.5,0,-0.3
0.6361418000000001,-0.969729,0.26,0.49,-0.5,0,-0.3
0.46662486,-0.969729,0.26,0.49,-0.5,0,-0.3
0.53654224,-0.969729,0.12,0.29,-0.5,0,-0.3
0.6359166,-0.969729,0.12,0.29,0.06888888888888889,0,-0.3
0.6359166,-0.652067,0.12,0.29,0.06888888888888889,0,-0.3
0.53089905,-0.652067,0.12,0.29,0.06888888888888889,0,-0.3
0.50696504,-0.652067,0.23,0.25,0.06888888888888889,0,-0.3
0.23631954,-0.652067,0.23,0.25,0.06888888888888889,0,-0.3
0.34208540000000004,-0.652067,0.23,0.25,0.06888888888888889,0,-0.3
0.34208540000000004,-0.652067,0.24,0.42,0.06888888888888889,0,-0.3
0.44420958,-0.652067,0.24,0.42,0.06888888888888889,0,-0.4
0.44592717,-0.652067,0.29,0.32,0.06888888888888889,0,-0.4
0.7147757,-0.652067,0.29,0.32,0.06888888888888889,0,-0.4
0.47389266,-0.652067,0.29,0.32,0.06888888888888889,0,-0.5
0.66725206,-0.652067,0.29,0.32,0.06888888888888889,0,-0.6
0.56083506,-0.652067,0.29,0.32,0.06888888888888889,0,-0.6
0.19654931,-0.652067,0.29,0.32,0.06888888888888889,0,-0.6
0.19654931,-0.652067,0.27,0.5,0.06888888888888889,0,-0.6
0.4405672000000001,-0.652067,0.27,0.5,0.06888888888888889,0,-0.6
0.60544086,-0.652067,0.27,0.5,0.06888888888888889,0,-0.6
0.5606758000000001,-0.652067,0.27,0.5,-0.5,0,-0.6
0.5606758000000001,-0.969729,0.27,0.5,-0.5,0,-0.6
0.56848204,-0.969729,0.27,0.5,-0.25,0,-0.6
0.5793048000000001,0.0,0.27,0.5,-0.25,0,-0.6
0.5532646,0.0,0.25,0.52,-0.25,0,-0.6
0.30739626,0.0,0.25,0.52,-0.25,0,-0.6
0.5451431,0.0,0.25,0.52,-0.25,0,-0.6
0.5451431,0.0,0.25,0.52,-0.2,0,-0.7
0.15475194,0.0,0.25,0.52,-0.2,0,0.0
0.15475194,-0.5261,0.25,0.52,-0.2,0,-0.7
0.15475194,-0.5261,0.21,0.38,-0.2,0,-0.7
0.5333826,-0.5261,0.21,0.38,-0.2,0,-0.7
0.6495309,-0.5261,0.21,0.38,-0.2,0,-0.7
0.6495309,-0.5261,0.21,0.38,0.0,0,-0.7
0.6495309,0.0,0.21,0.38,0.0,0,-0.7
0.50145704,0.0,0.21,0.38,0.0,0,0.0
0.31904570000000004,0.0,0.21,0.38,0.0,0,-0.7
0.31904570000000004,0.0,0.21,0.38,0.0,0,-0.8
0.67682743,0.0,0.21,0.38,0.0,0,-0.8
0.58705205,0.0,0.21,0.19,0.0,0,-1.0
0.448683,0.0,0.21,0.19,0.0,0,-1.0
0.448683,0.0,0.21,0.19,0.0,0,-1.0
0.531096,0.0,0.31,0.42,0.0,0,-1.0
0.36453775,0.0,0.31,0.42,0.0,0,-1.0
0.5084463,0.0,0.31,0.42,0.0,0,-1.0
0.41828278,0.0,0.25,0.33,0.0,0,-1.0
0.5071415,0.0,0.25,0.33,-0.5,0,-1.0
0.5071415,-0.955708,0.25,0.33,-0.5,0,-1.0
0.58822423,-0.955708,0.25,0.33,-0.35625,0,-1.0
0.635337,-0.955708,0.25,0.18,-0.35625,0,-1.0
0.6304184,0.0,0.25,0.18,-0.35625,0,-1.0
0.51618725,0.0,0.25,0.18,-0.35625,0,-1.0
0.6150397,0.0,0.25,0.18,0.06666666666666668,0,-1.0
0.5756429,0.0,0.21,0.21,0.06666666666666668,0,-1.0
0.44147617,0.0,0.21,0.21,0.06666666666666668,0,-1.0
0.44147617,0.0,0.04,0.16,0.06666666666666668,0,-1.0
0.34028070000000005,0.0,0.04,0.16,0.06666666666666668,0,-1.0
0.32136370000000003,0.0,0.04,0.16,0.0,0,-1.0
0.37829268,0.0,0.21,0.39,0.0,0,-1.0
0.32886726,0.0,0.01,0.0,0.0,0,-1.0
0.45530832,0.0,0.01,0.0,0.0,0,-1.0
0.32890153,0.0,0.01,0.0,0.0,0,-1.0
0.23447283,0.0,0.15,0.85,0.0,0,-1.0
0.31193236,0.0,0.15,0.85,-0.04999999999999999,0,-1.0
0.31193236,0.0,0.15,0.85,-0.04999999999999999,0,0.0
0.46244177,0.0,0.15,0.85,-0.04999999999999999,0,-1.0
0.46244177,-0.5601109999999999,0.15,0.85,-0.04999999999999999,0,-1.0
0.55280375,-0.5601109999999999,0.28,0.31,-0.04999999999999999,0,-1.0
0.55280375,-0.5601109999999999,0.31,0.45,-0.04999999999999999,0,-1.0
0.50487596,-0.5601109999999999,0.31,0.45,-0.04999999999999999,0,-1.0
0.6646554,-0.5601109999999999,0.31,0.45,-0.04999999999999999,0,-0.8
0.6646554,-0.5601109999999999,-0.0,0.01,-0.04999999999999999,0,-0.7
-0.0744043,-0.5601109999999999,-0.0,0.01,-0.04999999999999999,0,-0.7
0.0778155,-0.5601109999999999,-0.0,0.01,-0.04999999999999999,0,-0.5
0.16775167,-0.5601109999999999,0.27,0.31,-0.04999999999999999,0,-0.5
0.5762156999999999,-0.5601109999999999,0.27,0.31,-0.04999999999999999,0,-0.4
0.5762156999999999,-0.5601109999999999,0.27,0.31,-0.5,0,-0.4
0.5762156999999999,0.0,0.27,0.31,-0.5,0,-0.4
0.5080817,0.0,0.17,0.32,-0.5,0,-0.4
0.55383205,0.0,0.17,0.32,0.5,0,-0.4
0.54024565,0.0,0.17,0.32,0.0,0,-0.3
0.23895244,0.0,0.17,0.32,0.0,0,0.0
0.51177967,0.0,0.17,0.32,0.0,0,-0.3
0.67500466,0.0,0.17,0.32,0.0,0,-0.3
0.657283,0.0,0.17,0.32,0.0,0,-0.3
0.61803126,0.0,0.38,0.41,0.0,0,-0.2
0.6541816,0.0,0.37,0.37,0.0,0,-0.2
0.6722526,0.0,0.37,0.37,0.0,0,-0.2
0.66352767,0.0,0.37,0.37,-0.37,0,-0.3
0.6644236,-0.571695,0.37,0.37,-0.37,0,-0.3
0.4908331,-0.571695,0.37,0.37,-0.37,0,-0.2
0.6045756,-0.571695,0.37,0.37,-0.37,0,-0.2
0.6945361,-0.571695,0.33,0.42,-0.37,0,-0.3
0.54384756,-0.571695,0.33,0.42,-0.37,0,-0.3
0.6523846999999999,-0.571695,0.33,0.42,-0.37,0,-0.3
0.69152,-0.571695,0.33,0.42,0.0,0,-0.3
0.68900484,-0.571695,0.21,0.17,0.0,0,-0.3
0.6477447,-0.878757,0.21,0.17,0.0,0,-0.3
0.6364281999999999,-0.878757,0.17,-0.01,0.0,0,-0.3
0.5394091,-0.878757,0.17,-0.01,0.2,0,-0.3
0.5394091,-0.930274,0.17,-0.01,0.2,0,-0.3
0.15210888,-0.930274,0.17,-0.01,0.2,0,-0.3
0.49354404,-0.930274,0.17,-0.01,0.2,0,-0.3
0.49354404,-0.930274,0.17,-0.01,0.0,0,-0.3
0.49354404,0.0,0.17,-0.01,0.0,0,-0.3
0.5325655,0.0,0,0,-0.5,0,-0.5
0.60609394,-0.939889,0,0,-0.5,0,-0.5
0.5706569,-0.5146470000000001,0.02,0.62,-0.11333333333333327,0,0.4
0.5706569,-0.5146470000000001,0.28,0.68,-0.11333333333333327,0,0.0
0.5693826999999999,-0.5146470000000001,0.28,0.68,-0.11333333333333327,0,0.0
0.5693826999999999,-0.5146470000000001,0.21,0.99,-0.11333333333333327,0,0.0
-0.1418404,-0.5146470000000001,0.21,0.99,-0.11333333333333327,0,0.0
0.34846327,-0.5146470000000001,0.21,0.99,-0.11333333333333327,0,0.0
0.17572951,-0.5146470000000001,0.21,0.99,-0.11333333333333327,0,0.0
0.17572951,-0.5146470000000001,0.25,0.77,-0.11333333333333327,0,0.0
0.17572951,-0.5146470000000001,0.25,0.77,-0.11333333333333327,0,0.0
0.6413388000000001,-0.5146470000000001,0.25,0.77,-0.11333333333333327,0,0.0
0.63369125,0.0,0.25,0.77,0.2,0,0.0
0.64182866,0.0,0.25,0.77,0.1,0,0.0
0.64182866,-0.592352,0.25,0.77,-0.5999999999999999,0,0.0
0.70457196,-0.592352,0.25,0.77,-0.5999999999999999,0,0.0
0.70457196,-0.592352,0.25,0.77,-0.5999999999999999,0,0.0
0.6624404,-0.592352,0.27,0.58,-0.5999999999999999,0,0.0
0.51168334,-0.592352,0.27,0.58,-0.5999999999999999,0,0.0
0.51168334,-0.592352,0.27,0.58,-0.5999999999999999,0,0.0
0.5454876000000001,-0.592352,0.26,0.82,-0.5999999999999999,0,0.0
0.5454876000000001,-0.592352,0.26,0.82,-0.5999999999999999,0,0.0
0.4872494000000001,0.0,0.26,0.82,0.055,0,0.0
0.40807956,0.0,0.26,0.82,0.055,0,0.0
0.5101259,0.0,0.26,0.82,0.055,0,0.0
0.5101259,0.0,0.26,0.82,0.055,0,0.0
0.5338480999999999,0.0,0.26,0.82,-0.375,0,0.0
0.5430640999999999,0.0,0.42,0.87,-0.375,0,-0.2
0.56779575,-0.931034,0.42,0.87,-0.6999999999999998,0,-0.4
0.56779575,-0.931034,0.42,0.87,-0.6999999999999998,0,0.0
0.56779575,-0.931034,0.42,0.87,-0.6999999999999998,0,-0.4
0.6743679,-0.931034,0.42,0.87,-0.6999999999999998,0,-0.4
0.6784113,0.0,0.42,0.87,-1.0,0,-0.4
0.6893159000000001,0.787799,0.42,0.87,0.3558333333333333,0,-0.4
0.44090822,0.787799,0.42,0.87,0.3558333333333333,0,-0.4
0.44090822,0.787799,0.42,0.87,0.3558333333333333,0,-0.4
-0.03051886,0.787799,0.42,0.87,0.3558333333333333,0,-0.4
-0.03051886,0.787799,0.42,0.87,0.3558333333333333,0,-0.4
0.6387906999999999,0.787799,0.42,0.87,0.3558333333333333,0,-0.4
0.6249861,0.787799,0.36,1.05,0.3558333333333333,0,-0.4
0.3835523,0.787799,0.36,1.05,0.3558333333333333,0,-0.4
0.3835523,0.787799,0.36,1.05,0.3558333333333333,0,-0.3
0.59293383,0.787799,0.36,1.05,0.3558333333333333,0,-0.3
0.59293383,0.787799,0.36,1.05,0.3558333333333333,0,-0.3
0.7180711999999999,0.787799,0.36,1.05,0.3558333333333333,0,-0.3
0.55719733,0.787799,0.36,1.05,0.3558333333333333,0,-0.3
0.49768293,0.787799,0.36,1.05,0.3558333333333333,0,-0.3
0.11416182,0.787799,0.36,1.05,0.3558333333333333,0,-0.3
-0.10330963,0.787799,0.36,1.05,0.3558333333333333,0,-0.3
0.13711510000000002,0.787799,0.36,1.05,0.3558333333333333,0,0.0
0.13711510000000002,0.787799,0.38,0.94,0.3558333333333333,0,0.0
0.25054017,0.787799,0.38,0.94,0.3558333333333333,0,0.3
0.25054017,0.787799,0.38,0.94,0.3558333333333333,0,0.3
0.32156196,0.0,0.38,0.94,-0.16666666666666666,0,0.3
0.3694821,0.0,0.38,0.94,-0.16666666666666666,0,0.3
0.3694821,0.0,0.38,0.94,-0.16666666666666666,0,0.3
0.69858426,0.0,0.38,0.94,-0.16666666666666666,0,0.3
0.70241135,0.0,0.25,0.75,-0.16666666666666666,0,0.3
0.55814594,0.0,0.25,0.75,-0.16666666666666666,0,0.3
0.4419028,0.0,0.25,0.75,-0.16666666666666666,0,0.3
0.4419028,0.0,0.25,0.75,-0.16666666666666666,0,0.0
0.5700208000000001,0.0,0.25,0.75,-0.16666666666666666,0,-0.2
0.5700208000000001,0.0,0.25,0.75,-0.16666666666666666,0,-0.2
0.34897178,0.0,0.25,0.75,-0.16666666666666666,0,-0.2
0.30243975,0.0,0.25,0.75,-0.16666666666666666,0,-0.3
0.21585377,0.0,0.53,5.46,-0.16666666666666666,0,-0.2
0.07385537,0.0,0.53,5.46,-0.16666666666666666,0,-0.2
0.51762164,0.0,0.53,5.46,-0.16666666666666666,0,-0.2
0.6718734000000001,0.0,0.53,5.46,-0.16666666666666666,0,-0.3
0.58763194,0.0,0.53,5.46,-0.16666666666666666,0,-0.5
0.58763194,0.0,0.53,5.46,0.0,0,-0.5
0.58763194,0.0,0.53,5.46,0.0,0,-0.5
0.6135020999999999,0.0,0.53,5.46,0.25,0,-0.5
0.57792664,0.0,0.29,1.46,0.25,0,-0.5
0.5923744000000001,0.0,0.29,1.46,0.25,0,-0.5
0.5923744000000001,0.0,0.32,1.38,0.25,0,-0.5
0.5803424,-0.594521,0.32,1.38,-0.14583333333333331,0,-0.5
0.58311754,-0.594521,0.18,0.85,-0.14583333333333331,0,-0.5
0.21259901,-0.594521,0.18,0.85,-0.14583333333333331,0,-0.5
0.68472713,-0.594521,0.18,0.85,-0.14583333333333331,0,-0.5
0.68472713,-0.594521,0.18,0.85,-0.14583333333333331,0,-0.2
0.6740835000000001,-0.594521,0.18,0.85,-0.14583333333333331,0,0.0
0.49793744,-0.594521,0.18,0.85,-0.14583333333333331,0,0.3
0.22421506,-0.594521,0.18,0.85,-0.14583333333333331,0,0.5
0.22421506,-0.594521,0.18,0.85,-0.14583333333333331,0,0.5
0.34119552,-0.594521,0.18,0.85,-0.14583333333333331,0,0.5
0.4956403,-0.594521,0.18,0.85,-0.14583333333333331,0,0.5
0.4956403,-0.594521,0.19,0.63,-0.14583333333333331,0,0.5
0.5765536,-0.594521,0.19,0.63,-0.14583333333333331,0,0.5
0.58813554,-0.594521,0.19,0.63,-0.14583333333333331,0,0.5
0.5537184,-0.594521,0.19,0.63,-0.14583333333333331,0,0.5
0.59962857,-0.594521,0.19,0.63,-0.14583333333333331,0,0.7
0.5219909,-0.594521,0.54,1.77,-0.14583333333333331,0,0.8
0.54947615,0.0,0.54,1.77,0.0,0,0.8
0.54947615,-0.711242,0.54,1.77,-0.16666666666666666,0,0.8
0.52884877,-0.711242,0.54,1.77,-0.16666666666666666,0,0.8
0.52884877,-0.711242,0.22,0.74,-0.16666666666666666,0,0.0
0.45391503,-0.711242,0.29,1.12,-0.16666666666666666,0,0.8
0.45391503,-0.607749,0.29,1.12,0.2371428571428572,0,0.8
0.58163786,-0.607749,0.29,1.12,0.2371428571428572,0,0.8
0.58757234,-0.607749,0.29,1.12,0.2371428571428572,0,0.8
0.65499866,-0.607749,0.36,1.05,0.2371428571428572,0,0.8
0.5229362,-0.607749,0.36,1.05,0.2371428571428572,0,0.8
0.42279533,-0.607749,0.36,1.05,0.2371428571428572,0,0.8
0.5289611,-0.607749,0.36,1.05,0.2371428571428572,0,0.8
0.63200957,-0.607749,0.36,1.05,0.2371428571428572,0,0.8
0.63200957,0.0,0.36,1.05,0.05,0,0.8
0.6628455,0.0,0.27,0.54,0.05,0,0.8
0.5393981,0.0,0.27,0.54,0.05,0,0.8
0.5393981,0.0,0.27,0.54,0.05,0,0.8
0.5393981,0.0,0.27,0.54,0.05,0,0.8
0.6594895000000001,0.0,0.27,0.54,0.05,0,0.8
0.6613025,0.0,0.27,0.54,0.05,0,0.8
0.6613025,0.0,0.27,0.54,0.05,0,0.8
0.032742597000000005,0.0,0.27,0.54,0.05,0,0.8
0.032742597000000005,0.0,0.27,0.54,0.05,0,0.8
0.62490374,0.0,0.27,0.54,0.05,0,0.8
0.62490374,0.0,0.27,0.54,0.05,0,0.8
0.60317284,0.0,0.32,0.91,0.05,0,0.7
0.028443314,0.0,0.32,0.91,0.05,0,0.6
0.51971,0.0,0.32,0.91,0.05,0,0.4
0.53484046,0.0,0.3,1.04,0.05,0,0.3
0.58279246,0.0,0.3,1.04,0.05,0,0.3
0.58279246,0.0,0.3,1.04,0.05,0,0.0
0.42940238,0.0,0.3,1.04,0.05,0,0.0
0.60146827,0.0,0.3,1.04,0.05,0,0.0
0.6054329,0.0,0.3,1.04,0.0,0,-0.3
0.6296619000000001,0.0,0.28,0.91,0.0,0,-0.6
0.6296619000000001,0.0,0.28,0.91,0.0,0,-0.5
0.60541064,0.0,0.28,0.91,0.0,0,-0.5
0.71006095,0.0,0.28,0.91,0.0,0,-0.5
0.70241624,0.0,0.28,0.91,0.0,0,-0.5
0.69216007,0.500283,0.28,0.91,0.0,0,-0.6
0.67927814,0.500283,0.28,0.91,0.0,0,-0.6
0.66808945,0.500283,0.37,1.21,0.0,0,-0.6
0.6800363,-0.713406,0.37,1.21,-0.29999999999999993,0,-0.7
-0.39687347,-0.713406,0.37,1.21,-0.29999999999999993,0,-0.7
-0.39687347,-0.713406,0.37,1.21,-0.29999999999999993,0,-0.7
0.18052384,-0.713406,0.37,1.21,-0.29999999999999993,0,-0.7
0.18052384,-0.931034,0.37,1.21,-0.5,0,-0.7
0.64323056,-0.931034,0.37,1.21,-0.5,0,-0.7
0.64323056,-0.931034,0.26,0.77,-0.5,0,-0.7
0.6601673000000001,0.0,0.26,0.77,-0.5,0,-0.7
0.6723996999999999,0.0,0.26,0.77,-0.5,0,-0.7
0.5817715,0.733024,0.26,0.77,1.0,0,-0.7
0.5344886,0.733024,0.26,0.77,1.0,0,-0.7
0.5344886,0.733024,0.26,0.77,1.0,0,-0.7
0.6339505,0.733024,0.26,0.77,1.0,0,-0.7
0.6339505,0.733024,0.22,0.78,1.0,0,-0.7
0.65346426,0.733024,0.22,0.78,1.0,0,-0.7
0.65346426,0.0,0.22,0.78,0.0,0,-0.7
0.6745225,0.0,0.31,0.94,0.0,0,-0.7
0.4887817,0.0,0.31,0.94,0.0,0,-0.7
0.4887817,0.0,0.31,0.94,0.0,0,-0.7
0.43087283,0.0,0.31,0.94,0.0,0,-0.7
0.59323514,0.0,0.31,0.94,0.0,0,-0.7
0.57830995,0.0,0.31,0.94,0.0,0,-0.7
0.5928794,-0.615796,0.31,0.94,-0.6999999999999998,0,-0.7
0.6482566,-0.615796,0.31,0.94,-0.6999999999999998,0,-0.7
0.64811754,-0.615796,0.26,0.03,-0.6999999999999998,0,-0.7
0.6369575,-0.615796,0.26,0.03,-0.6999999999999998,0,-0.7
0.6369575,-0.615796,0.26,0.03,-0.6999999999999998,0,-0.7
0.56902313,-0.615796,0.26,0.03,-0.6999999999999998,0,-0.7
0.19646837,-0.615796,0.26,0.03,-0.6999999999999998,0,-0.7
0.19646837,-0.615796,0.26,0.03,-0.6999999999999998,0,-0.7
0.6815668,-0.615796,0.26,0.03,-0.6999999999999998,0,-0.8
0.690368,-0.6303880000000001,0.26,0.03,-0.6999999999999998,0,-1.0
0.5876561,0,0.26,0.03,0,0,-1.0
0.5876561,0,0.26,0.03,0,0,-1.0
0.5876561,0,0.26,0.03,0,0,-0.9
0.47346693,0,0.26,0.03,0,0,-0.9
0.58520424,0,-0.09,0.05,0,0,-0.9
0.4781851,0,-0.09,0.05,0,0,-0.9
0.37169397,0,-0.09,0.05,0,0,-0.7
0.37169397,0,-0.09,0.05,0,0,-0.7
0.3947953,0.0,0.04,0.01,0.0,1,0.5
0.2725788,0.0,0.04,0.01,0.0,1,0.0
0.2725788,0.0,0.04,0.01,0.0,1,0.0
0.2725788,0.8119850000000001,0.04,0.01,0.3,1,0.0
-0.123353735,0.8119850000000001,0.28,0.21,0.3,1,0.0
0.5989738,0.8119850000000001,0.28,0.21,0.3,1,0.0
0.5989738,0.8119850000000001,0.4,0.33,0.3,1,0.0
0.31834137,0.8119850000000001,0.4,0.33,0.3,1,0.0
0.49762306,0.8119850000000001,0.4,0.33,0.3,1,0.0
0.5223141,0.0,0.4,0.33,0.5,1,0.0
0.15542492,0.0,0.4,0.33,0.5,1,0.0
0.09499557,0.0,0.32,0.19,0.5,1,0.0
0.4127191,0.0,0.32,0.19,0.5,1,0.0
0.26250863,0.0,0.32,0.19,0.5,1,0.0
0.08862322,0.0,0.32,0.19,0.5,1,0.0
0.22288546,0.0,0.32,0.19,0.5,1,0.0
0.22288546,0.928701,0.32,0.19,0.3,1,0.0
0.22288546,0.928701,0.27,0.3,0.3,1,0.0
0.45849732,0.928701,0.27,0.3,0.3,1,0.0
0.45849732,-0.5609810000000001,0.27,0.3,-0.5,1,0.0
0.14139616,-0.5609810000000001,0.27,0.3,-0.5,1,0.0
0.14139616,0.0,0.27,0.3,0.0,1,0.0
0.14139616,0.0,0.27,0.3,0.0,1,0.0
0.2984801,0.0,0.27,0.3,0.0,1,0.0
0.6685388000000001,0.0,0.27,0.3,0.0,1,0.0
0.56993896,0.773018,0.27,0.3,0.4375,1,0.0
0.54614055,0.773018,0.27,0.3,0.4375,1,0.0
0.49990246,0.773018,0.27,0.3,0.4375,1,0.0
0.456014,0.773018,0.25,0.46,0.4375,1,0.0
0.456014,0.773018,0.25,0.46,0.4375,1,0.0
0.311625,0.773018,0.25,0.46,0.4375,1,0.0
0.311625,0.0,0.25,0.46,0.0,1,0.0
0.20577998,0.0,0.25,0.46,0.0,1,0.0
0.20577998,0.0,0.25,0.46,0.0,1,0.0
0.20577998,0.0,0.25,0.46,0.3,1,0.0
0.3325575,0.0,0.25,0.46,0.3,1,0.0
0.3325575,0.0,0.25,0.46,0.3,1,0.0
0.45698577,0.0,0.25,0.46,0.3,1,0.0
0.35267264,0.0,0.25,0.46,0.3,1,0.0
0.38307092,0.0,0.45,0.38,0.3,1,0.0
0.5067526,0.0,0.45,0.38,0.3,1,0.0
0.6207293,0.0,0.45,0.38,0.3,1,0.0
0.6207293,0.0,0.45,0.38,0.0,1,0.0
0.6207293,0.0,0.45,0.38,0.0,1,0.0
0.43150467,0.0,0.45,0.38,0.0,1,0.0
0.66699845,0.0,0.45,0.38,0.0,1,0.0
0.68980545,0.0,0.45,0.38,0.6,1,0.0
0.47756365,0.0,0.45,0.38,0.6,1,0.0
0.63444364,0.0,0.45,0.38,0.6,1,0.0
0.6589246999999999,0.0,0.21,0.15,0.6,1,0.0
0.6685255,0.0,0.21,0.15,0.6,1,0.0
0.6685255,0.933243,0.21,0.15,0.6,1,0.0
-0.050948754000000006,0.933243,0.21,0.15,0.6,1,0.0
0.32580590000000004,0.933243,0.21,0.15,0.6,1,0.0
0.32580590000000004,0.0,0.21,0.15,0.2619047619047619,1,0.0
0.44487524,0.0,0.21,0.15,0.2619047619047619,1,0.0
0.5656703000000001,0.0,0.21,0.15,0.2619047619047619,1,0.0
0.54938686,0.0,0.21,0.15,0.0,1,0.0
0.56154865,0.0,0.43,0.29,0.0,1,0.0
0.45840788,0.0,0.43,0.29,0.0,1,0.0
0.49681816,0.0,0.36,0.33,0.0,1,0.0
0.51694036,0.0,0.36,0.33,0.0,1,0.0
0.6272543,0.0,0.36,0.33,0.0,1,0.0
0.5809840999999999,0.0,0.36,0.33,0.0,1,0.0
0.5809840999999999,0.0,0.36,0.33,0.0,1,0.0
0.6749335999999999,0.0,0.32,0.19,0.0,1,-0.7
0.6878811,0.0,0.32,0.19,0.0,1,-0.7
0.58126605,0.0,0.32,0.19,0.0,1,-0.7
0.47773165,0.0,0.32,0.19,0.0,1,-0.7
0.47773165,0.0,0.32,0.19,0.0,1,-0.8
0.539955,0.0,0.3,0.21,0.0,1,-0.8
0.58796847,0.528759,0.3,0.21,0.1148148148148148,1,-0.8
0.6142772,0.528759,0.3,0.21,0.1148148148148148,1,-0.8
0.6200114000000001,0.528759,0.3,0.21,0.1148148148148148,1,-0.8
0.57438874,0.528759,0.32,0.31,0.1148148148148148,1,-0.8
0.47546652,0.528759,0.32,0.3,0.1148148148148148,1,-0.7
0.57433105,0.528759,0.32,0.3,0.1148148148148148,1,-0.6
0.47913307,0.528759,0.32,0.3,0.1148148148148148,1,-0.5
0.47695205,0.528759,0.35,0.25,0.1148148148148148,1,-0.3
0.44191822,0.528759,0.35,0.25,0.1148148148148148,1,-0.3
0.51662827,0.0,0.35,0.25,0.0,1,-0.3
0.51662827,0.0,0.35,0.25,0.0,1,-0.3
0.44489306,0.0,0.35,0.25,-0.2435897435897436,1,-0.3
0.54791355,0.0,0.35,0.25,-0.2435897435897436,1,-0.3
0.6738447,0.0,0.35,0.25,-0.2435897435897436,1,-0.3
0.6738447,0.0,0.35,0.25,-0.2435897435897436,1,-0.3
0.52328694,0.0,0.35,0.25,-0.2435897435897436,1,-0.5
0.61406827,0.0,0.33,0.27,-0.2435897435897436,1,-0.5
0.5924345,0.0,0.33,0.27,-0.2435897435897436,1,-0.5
0.5896971,0.0,0.33,0.27,0.3142857142857143,1,-0.5
0.5941534,0.0,0.33,0.27,0.3142857142857143,1,-0.5
0.62405187,0.0,0.27,0.31,0.3142857142857143,1,-0.5
0.5888372,0.0,0.27,0.31,0.3142857142857143,1,-1.0
0.59140205,0.0,0.27,0.31,0.3142857142857143,1,-1.0
0.59140205,0.0,0.27,0.31,0.3142857142857143,1,-1.0
0.48397842,0.0,0.27,0.31,0.3142857142857143,1,-1.0
0.48397842,0.0,0.17,0.1,0.3142857142857143,1,-1.0
0.6160382,0.0,0.17,0.1,0.3142857142857143,1,-1.0
0.6160382,0.553028,0.17,0.1,0.75,1,-1.0
0.64237374,0.553028,0.17,0.1,0.75,1,-1.0
0.64237374,0.553028,0.17,0.1,0.75,1,-1.0
0.6112255999999999,0.553028,0.17,0.1,0.75,1,-1.0
0.56211436,0.553028,0.29,0.3,0.75,1,-1.0
0.5574175,0.553028,0.33,0.41,0.75,1,-1.0
0.5620673,0.0,0.33,0.41,-0.1301282051282051,1,-1.0
0.40347064,0.0,0.33,0.41,-0.1301282051282051,1,-1.0
0.5283878000000001,0.0,0.33,0.41,-0.1301282051282051,1,-1.0
0.5283878000000001,0.0,0.33,0.41,-0.1301282051282051,1,-1.0
0.59036726,0.0,0.25,0.06,-0.1301282051282051,1,-1.0
0.61109406,0.0,0.25,0.06,-0.1301282051282051,1,-1.0
0.59968394,0.0,0.25,0.06,-0.1301282051282051,1,-1.0
0.60228,0.0,0.45,0.38,-0.1301282051282051,1,-1.0
0.55264556,-0.644255,0.45,0.38,-0.1301282051282051,1,-1.0
0.5933109999999999,-0.644255,0.45,0.38,-0.1301282051282051,1,-1.0
0.5933109999999999,-0.644255,0.23,0.2,-0.1301282051282051,1,-1.0
0.5933109999999999,-0.644255,0.23,0.2,-0.1301282051282051,1,-1.0
0.6107795,-0.644255,0.23,0.2,-0.1301282051282051,1,-1.0
0.6125125,-0.644255,0.54,0.6,-0.1301282051282051,1,-1.0
0.6491068,-0.644255,0.33,0.19,-0.1301282051282051,1,-1.0
0.6491068,-0.644255,0.26,0.18,-0.1301282051282051,1,-1.0
0.65897757,-0.644255,0.26,0.18,-0.1301282051282051,1,-1.0
0.5156424,-0.644255,0.26,0.18,-0.1301282051282051,1,-1.0
0.6156215,-0.644255,0.32,0.48,-0.1301282051282051,1,-1.0
0.573766,-0.644255,0.32,0.48,-0.1301282051282051,1,-1.0
0.5928031,-0.644255,0.32,0.48,-0.1301282051282051,1,-1.0
0.5799729,-0.644255,0.32,0.48,-0.1301282051282051,1,-1.0
0.61313385,-0.644255,0.07,0.18,-0.1301282051282051,1,-1.0
0.60210794,-0.644255,0.32,0.51,-0.1301282051282051,1,-1.0
0.5446578000000001,-0.644255,0.43,0.65,-0.1301282051282051,1,-1.0
0.6136684,-0.7616930000000001,0.43,0.65,0.06249999999999997,1,-1.0
0.6706543,0.0,0.43,0.65,0.0,1,-1.0
0.6582346,0.0,-0.0,-0.09,0.0,1,-1.0
0.54894793,0.0,-0.0,-0.09,0.0,1,-1.0
0.008347756999999999,0.0,-0.0,-0.09,0.0,1,-1.0
0.6502315,0.0,-0.0,-0.09,0.0,1,-1.0
0.6502315,0.0,-0.0,-0.09,0.0,1,-1.0
0.50306666,0,0,0,0,1,-1.0
