0.4262858,0.6279060000000001,-0.01,0.13,0.55,0,0.3
0.5797226,0.6279060000000001,-0.01,0.13,0.55,0,-0.2
-0.11565986,0.6279060000000001,-0.01,0.13,0.55,0,-0.2
0.477126,0.6279060000000001,-0.01,0.13,0.55,0,-0.4
0.18210666,0.6279060000000001,-0.01,0.13,0.55,0,-0.5
0.18210666,0.6279060000000001,0.09,0.1,0.55,0,-0.6
-0.12598954,0.6279060000000001,0.09,0.1,0.55,0,-0.6
-0.017310381,0.6279060000000001,0.09,0.1,0.55,0,-0.7
-0.07096419999999999,0.6279060000000001,0.13,0.23,0.55,0,-0.7
0.03157918,0.6279060000000001,0.13,0.23,0.55,0,-0.8
0.03157918,0.6279060000000001,-0.23,-0.12,0.55,0,0.0
0.7081115,0.6279060000000001,-0.23,-0.12,0.55,0,-0.7
0.11934569,0.6279060000000001,-0.23,-0.12,0.55,0,-0.7
0.59264916,0.6279060000000001,-0.23,-0.12,0.55,0,-0.7
-0.23257461,0.6279060000000001,-0.23,-0.12,0.55,0,-0.4
-0.23257461,0.6279060000000001,0.23,0.44,0.55,0,-0.3
0.22735953,0.6279060000000001,0.23,0.44,0.55,0,-0.3
0.22735953,0.6279060000000001,0.18,0.27,0.55,0,-0.3
0.057608638,0.6279060000000001,0.18,0.27,0.55,0,-0.3
0.28916007,0.6279060000000001,0.18,0.27,0.55,0,-0.3
0.28916007,0.6279060000000001,0.18,0.27,0.55,0,-0.3
0.04839863,0.6279060000000001,0.18,0.27,0.55,0,-0.3
0.71843594,0.6279060000000001,0.18,0.27,0.55,0,-0.5
-0.018230766,0.6279060000000001,0.18,0.27,0.55,0,-0.5
-0.018230766,0.6279060000000001,0.18,0.27,0.55,0,-0.3
-0.018230766,0.803362,0.18,0.27,0.7,0,-0.3
0.11559259,0.803362,0.18,0.27,0.7,0,-0.3
0.22303116,0.803362,0.18,0.27,0.7,0,-0.3
0.22303116,0.0,0.18,0.27,0.2661111111111112,0,0.0
-0.07564971,0.0,0.18,0.27,0.2661111111111112,0,0.3
-0.16089916,0.0,0.13,0.22,0.2661111111111112,0,0.5
0.16164479999999998,0.0,0.13,0.22,0.2661111111111112,0,0.6
0.28106177,0.0,0.13,0.22,0.2661111111111112,0,0.6
0.5125655,0.0,0.13,0.22,0.2661111111111112,0,0.7
0.6480155,0.0,0.13,0.22,0.2661111111111112,0,0.7
0.32244053,0.0,0.13,0.22,0.2661111111111112,0,0.8
-0.14440899,0.0,0.13,0.22,0.2661111111111112,0,1.0
0.032365687000000004,0.0,0.13,0.22,0.2661111111111112,0,1.0
-0.06996587,0.0,0.13,0.22,0.2661111111111112,0,1.0
-0.03484869,0.0,0.27,0.47,0.2661111111111112,0,0.9
-0.17847578,0.0,0.27,0.47,0.2661111111111112,0,0.8
-0.13140038,0.0,0.06,0.05,0.2661111111111112,0,0.5
-0.13678631,0.7286590000000001,0.06,0.05,0.18083333333333332,0,0.7
-0.14774506,0.7286590000000001,0.06,0.05,0.18083333333333332,0,0.6
0.19373149,0.7286590000000001,0.06,0.05,0.18083333333333332,0,-0.5
0.6561738,0.7286590000000001,0.06,0.05,0.18083333333333332,0,-0.8
0.7452041,0.7286590000000001,0.06,0.05,0.18083333333333332,0,-1.0
-0.14016198,0.7286590000000001,0.06,0.05,0.18083333333333332,0,-1.0
-0.21555606,0.7286590000000001,0.05,0.14,0.18083333333333332,0,-1.0
-0.17985766,0.7286590000000001,0.09,0.32,0.18083333333333332,0,-1.0
-0.09256074,0.868423,0.09,0.32,0.49,0,-1.0
0.04170303,0.868423,0.09,0.32,0.49,0,-0.9
-0.09968266,0.868423,0.09,0.32,0.49,0,-0.9
-0.0554078,0.868423,0.0,0.34,0.49,0,-0.5
-0.0554078,0.85146,0.0,0.34,0.8,0,-0.5
-0.11768259,0.85146,0.0,0.34,0.8,0,-0.8
0.66689473,0.85146,0.0,0.34,0.8,0,-1.0
0.23602296,0.85146,0.0,0.34,0.8,0,1.0
0.29377165,0.85146,0.18,0.23,0.8,0,-0.9
0.29748458,0.85146,0.18,0.23,0.8,0,-0.8
-0.13190036,0.85146,0.18,0.23,0.8,0,-0.8
-0.13190036,0.0,0.18,0.23,0.0,0,-0.6
-0.13190036,0.0,0.18,0.23,0.0,0,0.0
0.13233653,0.0,0.18,0.23,0.0,0,0.0
0.13233653,0.0,0.26,0.39,0.0,0,0.0
0.2019709,0.0,0.26,0.39,0.0,0,-0.1
0.092056535,0.0,0.26,0.39,0.0,0,-0.1
0.018688451,0.0,0.22,0.34,0.0,0,-0.8
-0.044820674000000005,0.0,0.22,0.34,0.39,0,-0.6
0.21127754,0.0,0.22,0.34,0.39,0,0.6
0.39605027,0.0,0.22,0.34,0.39,0,0.6
0.39605027,0.0,0.22,0.34,0.39,0,0.2
0.7162982,0.0,0.22,0.34,0.39,0,-0.3
0.66984403,0.0,0.22,0.34,0.39,0,-0.5
0.66984403,0.0,0.22,0.34,0.39,0,-0.2
0.48004946,0.0,0.22,0.34,0.39,0,0.2
0.3007672,0.0,0.22,0.34,0.39,0,0.2
0.3007672,0.0,0.22,0.34,0.39,0,0.2
0.3007672,0.0,0.34,0.39,0.39,0,0.2
0.6296982,0.0,0.34,0.39,0.39,0,0.0
-0.21095139,0.0,0.34,0.39,0.39,0,0.2
0.28400594,0.0,0.34,0.39,0.39,0,0.2
0.41806448,0.0,0.34,0.39,0.39,0,0.4
0.41806448,0.0,0.34,0.39,0.0,0,0.4
0.4556519,-0.715796,0.34,0.39,-0.53125,0,0.5
0.24412872,-0.715796,0.34,0.39,-0.53125,0,0.3
0.65196043,-0.715796,0.34,0.39,-0.53125,0,0.3
0.0489987,-0.715796,0.34,0.39,-0.53125,0,0.3
0.39483994,-0.715796,0.34,0.39,-0.53125,0,0.3
0.11077651,-0.715796,0.34,0.39,-0.53125,0,0.0
0.262096,-0.715796,0.34,0.39,-0.53125,0,-0.2
0.262096,-0.715796,0.33,0.69,-0.53125,0,-0.2
0.44498718,-0.715796,0.33,0.69,-0.53125,0,-0.2
0.32493377,-0.715796,0.33,0.69,-0.53125,0,-0.4
0.22115494,-0.715796,0.33,0.69,-0.53125,0,-0.4
0.4380222,-0.715796,0.33,0.69,-0.53125,0,-0.4
-0.11312276,-0.715796,0.33,0.69,-0.53125,0,-0.4
0.3658301,-0.715796,0.33,0.69,-0.53125,0,-0.4
-0.09684479,-0.715796,0.33,0.69,-0.53125,0,-0.3
0.06747931,-0.715796,0.33,0.69,-0.53125,0,-0.2
0.32444572,-0.715796,0.33,0.69,-0.53125,0,0.0
0.47010761,-0.715796,0.33,0.69,-0.53125,0,-0.3
0.47010761,-0.715796,0.15,0.27,-0.53125,0,0.0
0.58151937,-0.715796,0.15,0.27,-0.53125,0,0.0
0.17427802,-0.715796,0.15,0.27,-0.53125,0,-0.2
0.7249253000000001,-0.715796,0.15,0.27,-0.53125,0,-0.2
0.7359392,-0.715796,0.27,0.31,-0.53125,0,-0.2
0.11689754,-0.715796,0.27,0.31,-0.53125,0,-0.3
0.41471386,-0.715796,0.27,0.31,-0.53125,0,-0.4
0.41471386,0.0,0.27,0.31,0.425,0,-0.3
0.1784332,0.0,0.27,0.31,0.425,0,-0.3
0.5712295999999999,0.0,0.27,0.31,0.425,0,-0.4
0.5712295999999999,0.0,0.15,0.21,0.425,0,-0.4
0.20457907,0.0,0.15,0.21,0.425,0,-0.3
-0.20233876,0.0,0.15,0.21,0.425,0,-0.3
0.0026907437,0.0,0.15,0.21,0.425,0,-0.4
0.117443755,0.0,0.15,0.21,0.425,0,-0.6
0.23702015,0.0,0.15,0.21,0.425,0,-0.7
-0.24862906,0.0,0.15,0.21,0.425,0,-0.8
-0.23105755,0.0,0.15,0.21,0.0625,0,-0.8
-0.33662933,0.0,0.15,0.21,0.0625,0,-0.6
-0.33662933,0.0,0.32,0.33,0.0625,0,-0.7
-0.14653829999999998,0.0,0.32,0.33,0.0625,0,-0.7
-0.13809963,0.0,0.13,0.15,0.0625,0,-1.0
-0.28370237,0.0,0.13,0.15,0.0625,0,-0.5
-0.16101202,0.0,0.13,0.15,0.0625,0,-0.5
0.04872928,0.0,0.13,0.15,0.0625,0,-0.3
0.3142651,0.0,0.13,0.15,0.0625,0,-0.3
0.4176939,0.0,0.13,0.15,0.0625,0,-0.3
0.22545445,0.0,0.13,0.15,0.0625,0,-0.4
0.22545445,-0.509096,0.13,0.15,0.0,0,-0.4
0.35490570000000005,-0.509096,0.13,0.15,0.0,0,-0.3
0.35490570000000005,0.0,0.13,0.15,0.1,0,-0.3
0.4884716,0.0,0.13,0.15,0.1,0,-0.2
0.4884716,0.0,0.36,0.52,0.1,0,0.0
-0.111916915,0.0,0.36,0.52,0.1,0,0.5
0.0075308456999999985,0.0,0.36,0.52,0.1,0,0.5
-0.017779991000000002,0.0,0.2,0.35,0.1,0,0.5
-0.111925334,-0.5645720000000001,0.2,0.35,0.0,0,-0.2
0.10435562,-0.5645720000000001,0.2,0.35,0.0,0,-0.2
0.50800073,-0.5645720000000001,0.2,0.35,0.0,0,-0.3
0.621341,-0.5645720000000001,0.2,0.35,0.0,0,-0.7
-0.01810123,-0.5645720000000001,0.2,0.35,0.0,0,-1.0
0.31625938,-0.5645720000000001,0.2,0.35,0.0,0,-1.0
0.563766,-0.5645720000000001,0.2,0.35,0.0,0,-0.9
0.45036185,-0.5645720000000001,0.2,0.35,0.0,0,-0.9
0.45036185,0.71241,0.2,0.35,0.455,0,-0.9
0.4760172,0.71241,0.04,0.03,0.455,0,-1.0
0.6197736999999999,0.71241,0.04,0.03,0.455,0,-0.8
0.3738528,0.71241,0.04,0.03,0.455,0,-1.0
-0.09691192,0.71241,0.04,0.03,0.455,0,-1.0
0.108954936,0.71241,0.04,0.03,0.455,0,-1.0
0.08980821,0.785697,0.04,0.03,0.5,0,-1.0
0.20106778,0.785697,0.04,0.03,0.5,0,-1.0
0.20106778,0.785697,0.08,0.14,0.5,0,-1.0
0.3291281,0.785697,0.08,0.14,0.5,0,-1.0
-0.07857537,0.785697,0.08,0.14,0.5,0,-1.0
0.015923876,0.785697,0.26,0.24,0.5,0,-1.0
0.17083211,0.785697,0.26,0.24,0.5,0,-0.9
0.17083211,0.0,0.26,0.24,0.0,0,-1.0
0.17875439,1.0,0.26,0.24,1.0,0,-1.0
-0.07015975,1.0,0.26,0.24,1.0,0,-0.9
-0.057144918,0.0,0.26,0.24,0.0,0,-0.9
0.34142455,0.0,0.26,0.24,0.0,0,-1.0
0.45805973,0.0,0.26,0.24,0.0,0,-1.0
0.24846095,0.0,0.26,0.24,0.0,0,-1.0
0.24846095,0.0,0.07,0.13,0.0,0,-1.0
0.38476756,0.0,0.07,0.13,0.0,0,-1.0
0.30868274,0.0,0.07,0.13,0.5,0,-1.0
-0.015296623,0.0,0.07,0.13,0.5,0,-1.0
0.08846724,0.0,0.07,0.13,0.5,0,-1.0
0.28456563,0.0,0.07,0.13,0.5,0,-0.9
0.33787045,0.703422,0.07,0.13,0.2,0,-0.9
-0.034189372999999995,0.703422,0.07,0.13,0.2,0,-0.6
0.0028785504,0.703422,0.23,0.17,0.2,0,-0.7
0.14643995,0.703422,0.23,0.17,0.2,0,-0.7
0.04817924,-0.628632,0.23,0.17,-0.5,0,-0.7
0.24026473,-0.628632,0.23,0.17,-0.5,0,0.0
0.24026473,-0.628632,0.21,0.23,-0.5,0,-0.7
0.015617032,-0.628632,0.21,0.23,-0.5,0,-0.7
0.19585921,-0.628632,0.21,0.23,-0.5,0,-1.0
0.19585921,-0.628632,0.1,0.18,-0.5,0,-0.9
-0.084149405,-0.628632,0.1,0.18,-0.5,0,-1.0
-0.07809417,-0.628632,0.29,0.16,-0.5,0,-1.0
0.0265016,-0.628632,0.29,0.16,-0.5,0,-0.7
0.0265016,0.0,0.29,0.16,0.4,0,-0.7
-0.10756008,0.0,0.29,0.16,0.4,0,-0.7
-0.11355661,0.0,0.25,0.28,0.4,0,-0.7
-0.0020166487,0.0,0.25,0.28,0.4,0,-0.6
0.37882042,0.0,0.25,0.28,0.4,0,-0.6
0.15108961,0.0,0.25,0.28,0.4,0,-0.4
0.20723957,0.0,0.23,0.19,0.4,0,-0.3
0.007630639,0.0,0.23,0.19,0.4,0,-0.4
0.079942234,0.70878,0.23,0.19,0.182,0,-0.5
-0.05239878,0.70878,0.23,0.19,0.182,0,-0.5
-0.15918791,0.70878,0.23,0.19,0.182,0,-0.5
-0.15918791,0.70878,-0.21,-0.29,0.182,0,-0.4
0.58130926,0.70878,-0.21,-0.29,0.182,0,-0.5
0.3179862,0.70878,-0.21,-0.29,0.182,0,-0.5
0.0921044,0.70878,-0.21,-0.29,0.182,0,-0.4
0.062524766,0.70878,0.33,0.34,0.182,0,-0.5
0.16656478,0.70878,0.33,0.34,0.182,0,-0.4
0.16656478,0.70878,0.23,0.28,0.182,0,-0.4
-0.02499409,0.70878,0.23,0.28,0.182,0,-0.5
0.11765909,0.70878,0.23,0.28,0.182,0,-1.0
0.11765909,0.70878,0.18,0.23,0.182,0,-0.8
-0.04662764,0.70878,0.18,0.23,0.182,0,-0.8
0.09372778,0.70878,0.18,0.23,0.182,0,-1.0
0.3852633,0.70878,0.18,0.23,0.182,0,0.5
0.21768497,0.70878,0.18,0.23,0.182,0,0.2
-0.0131737515,0.70878,0.18,0.23,0.182,0,0.3
-0.0131737515,0.70878,0.12,0.69,0.182,0,0.3
0.20592794,0.70878,0.12,0.69,0.182,0,0.3
0.20592794,-0.5416449999999999,0.12,0.69,-1.0,0,0.3
0.2669493,0.0,0.12,0.69,0.6,0,0.3
-0.0022357889,0.0,0.12,0.69,0.6,0,0.3
0.33079746,0.0,0.12,0.69,0.6,0,0.4
0.2455017,0.0,0.25,0.16,0.6,0,0.4
0.2455017,0.0,0.25,0.16,0.6,0,0.3
0.41250613,0.0,0.25,0.16,0.6,0,0.3
0.71662045,0.0,0.25,0.16,0.6,0,0.3
0.7140907,0.0,0.25,0.16,0.6,0,0.3
0.70024514,0.608405,0.25,0.16,0.18333333333333326,0,0.5
-0.15039748,0.608405,0.25,0.16,0.18333333333333326,0,0.5
-0.07358743,0.608405,0.13,0.18,0.18333333333333326,0,0.6
0.11098621,0.608405,0.13,0.18,0.18333333333333326,0,0.6
-0.1577336,0.608405,0.13,0.18,0.18333333333333326,0,0.7
-0.055496685,0.608405,0.13,0.18,0.18333333333333326,0,0.7
-0.055496685,0.0,0.13,0.18,-0.08333333333333333,0,0.7
-0.09171352,0.0,0.31,0.35,-0.08333333333333333,0,0.7
-0.053749427,0.0,0.35,0.5,-0.08333333333333333,0,0.9
0.70096916,0.0,0.35,0.5,-0.08333333333333333,0,0.9
0.49965796,0.0,0.35,0.5,-0.08333333333333333,0,1.0
0.20304653,0.0,0.35,0.5,-0.08333333333333333,0,0.8
0.36111394,0.0,0.35,0.5,-0.08333333333333333,0,0.6
0.48644966,0.0,0.35,0.5,-0.08333333333333333,0,1.0
0.48644966,0.0,0.29,0.33,-0.08333333333333333,0,1.0
0.63618416,0.0,0.29,0.33,-0.08333333333333333,0,1.0
0.63618416,0.0,0.29,0.33,-0.08333333333333333,0,0.9
0.23940025,0.0,0.29,0.33,-0.08333333333333333,0,1.0
0.23940025,0.0,0.29,0.33,-0.08333333333333333,0,0.8
0.024511337,0.0,0.29,0.33,-0.08333333333333333,0,1.0
0.5837142,0.0,0.29,0.33,-0.08333333333333333,0,0.9
0.69097626,0.0,0.29,0.33,-0.08333333333333333,0,0.8
0.63805515,0.0,0.25,0.24,-0.08333333333333333,0,0.8
-0.056594267,0.0,0.25,0.24,-0.08333333333333333,0,0.8
0.46955022,0.0,0.25,0.24,-0.08333333333333333,0,0.8
0.34060505,0.0,0.25,0.24,-0.08333333333333333,0,0.8
0.21839309,0.0,0.25,0.24,-0.08333333333333333,0,0.9
0.21839309,0.0,0.19,0.2,-0.08333333333333333,0,0.0
-0.1388983,0.0,0.19,0.2,-0.08333333333333333,0,0.9
0.49253047,0.0,0.19,0.2,-0.08333333333333333,0,0.8
0.14421965,0.0,0.19,0.2,-0.08333333333333333,0,1.0
0.09510405,0.0,0.19,0.2,0.0,0,1.0
-0.06007589400000001,0.0,0.19,0.2,0.0,0,0.9
0.27870336,0.0,0.19,0.2,0.0,0,0.9
0.07998884,0.0,0.19,0.2,0.0,0,0.9
0.42088652,0.0,0.19,0.2,0.0,0,0.9
-0.12224558,0.0,0.19,0.2,0.0,0,0.9
0.0090897605,0.0,0.19,0.2,0.0,0,0.9
0.0090897605,0.0,0.27,0.19,0.0,0,0.9
0.48288983,0.0,0.27,0.19,0.0,0,0.9
0.32107386,0.0,0.27,0.19,0.0,0,0.9
0.4224717000000001,0.0,0.27,0.19,0.0,0,0.9
0.4224717000000001,0.0,0.1,0.19,0.0,0,0.9
0.52953243,0.0,0.1,0.19,0.0,0,1.0
-0.20360178,0.0,0.1,0.19,0.0,0,1.0
-0.050395563,0.0,0.1,0.19,0.0,0,1.0
0.031159164,0.0,0.12,0.13,0.0,0,1.0
-0.0803746,0.0,0.12,0.13,0.0,0,1.0
-0.0423159,0,-0.26,-0.05,0,0,1.0
0.0657446,0,-0.26,-0.05,0,0,1.0
-0.17698969,0,-0.26,-0.05,0,0,1.0
0.047396544000000006,0,-0.26,-0.05,0,0,1.0
-0.06909863,0,0,0,0,0,1.0
-0.17057460000000002,0.0,-0.08,-0.23,0.0,0,-0.4
0.52559596,0.0,-0.08,-0.23,0.0,0,0.0
0.52559596,-0.558546,-0.08,-0.23,-0.2333333333333333,0,-0.3
-0.25350916,-0.558546,-0.08,-0.23,-0.2333333333333333,0,-0.3
-0.25350916,-0.558546,0.01,0.08,-0.2333333333333333,0,-0.3
-0.21362936,-0.558546,-0.06,-0.01,-0.2333333333333333,0,-0.3
0.039154764,-0.558546,-0.06,-0.01,-0.2333333333333333,0,-0.3
0.5311210999999999,-0.558546,-0.06,-0.01,-0.2333333333333333,0,-0.3
0.014897544,-0.558546,-0.06,-0.01,-0.2333333333333333,0,-0.4
0.014897544,-0.558546,-0.43,0.21,-0.2333333333333333,0,-0.4
-0.1343189,-0.558546,-0.43,0.21,-0.2333333333333333,0,-0.3
-0.14446296,-0.558546,-0.02,0.02,-0.2333333333333333,0,-0.3
0.5407945,-0.558546,-0.02,0.02,-0.2333333333333333,0,-0.4
0.5407945,-0.558546,-0.03,-0.1,-0.2333333333333333,0,-0.3
0.6430104999999999,-0.558546,-0.03,-0.1,-0.2333333333333333,0,-0.3
0.6430104999999999,-0.558546,-0.03,-0.1,-0.2333333333333333,0,-0.3
0.6503227,-0.558546,-0.03,-0.1,-0.2333333333333333,0,-0.3
0.046640877,-0.558546,-0.03,-0.1,-0.2333333333333333,0,-0.3
0.046640877,-0.558546,-0.01,-0.04,-0.2333333333333333,0,-0.3
0.3026569000000001,-0.558546,-0.01,-0.04,-0.2333333333333333,0,-0.3
0.3026569000000001,-0.558546,0.15,0.15,-0.2333333333333333,0,-0.3
0.07296488,-0.558546,0.15,0.15,-0.2333333333333333,0,-0.3
-0.08380756,-0.558546,0.15,0.15,-0.2333333333333333,0,-0.3
-0.0651245,-0.558546,0.03,0.03,-0.2333333333333333,0,-0.3
-0.09123574,-0.67283,0.03,0.03,0.26666666666666666,0,-0.4
0.13470204,-0.67283,0.03,0.03,0.26666666666666666,0,-0.5
0.013973698,-0.67283,0.03,0.03,0.26666666666666666,0,-0.5
-0.17441449,-0.67283,0.03,0.03,0.26666666666666666,0,-0.5
-0.16177742,-0.67283,-0.04,-0.06,0.26666666666666666,0,-0.6
-0.17551513,-0.67283,0.1,0.08,0.26666666666666666,0,-0.6
-0.16770875,-0.67283,0.04,0.0,0.26666666666666666,0,-0.6
-0.06584653,-0.67283,0.04,0.0,0.26666666666666666,0,-0.6
-0.06584653,0.0,0.04,0.0,0.10047619047619047,0,-0.6
0.120399594,0.0,0.04,0.0,0.10047619047619047,0,-0.6
-0.23261884,0.0,0.04,0.0,0.10047619047619047,0,-0.6
-0.11354847,0.0,0.04,0.0,0.10047619047619047,0,-0.6
-0.06777198599999999,0.0,0.11,0.05,0.10047619047619047,0,-0.6
-0.09251277,0.0,0.11,0.05,0.275,0,-0.6
-0.09623347,0.0,0.05,0.07,0.275,0,-0.6
-0.029769622000000006,0.0,0.13,0.13,0.275,0,-0.6
0.19125631,0.0,0.13,0.13,0.275,0,-0.6
-0.022117466,0.0,0.13,0.13,0.275,0,-0.6
-0.17359015,0.0,0.13,0.13,0.275,0,-0.6
-0.13039143,0.0,0.15,0.13,0.275,0,-0.7
-0.1480652,-0.649656,0.15,0.13,0.4000000000000001,0,-0.8
0.16124742,-0.649656,0.15,0.13,0.4000000000000001,0,-0.8
0.31939897,-0.649656,0.15,0.13,0.4000000000000001,0,-0.8
0.11728096,-0.649656,0.15,0.13,0.4000000000000001,0,-0.6
0.56187016,-0.649656,0.15,0.13,0.4000000000000001,0,0.6
0.28236446,-0.649656,0.15,0.13,0.4000000000000001,0,-0.8
0.30974633,-0.570248,0.15,0.13,0.24000000000000005,0,-0.7
-0.077954814,-0.570248,0.15,0.13,0.24000000000000005,0,-0.6
-0.077954814,-0.570248,0.12,0.19,0.24000000000000005,0,-0.6
0.123061806,-0.570248,0.12,0.19,0.24000000000000005,0,-1.0
0.123061806,0.0,0.12,0.19,0.0,0,-1.0
-0.010882266000000002,0.0,0.12,0.19,0.0,0,-1.0
-0.14478497,0.0,0.12,0.19,0.0,0,-1.0
-0.14478497,0.0,0.21,0.09,0.0,0,-1.0
-0.040770605,0.0,0.21,0.09,0.0,0,-1.0
-0.040770605,-0.501308,0.21,0.09,-0.3076923076923077,0,-0.6
0.10362658,-0.501308,0.21,0.09,-0.3076923076923077,0,-0.6
0.46055272,-0.501308,0.21,0.09,-0.3076923076923077,0,-0.6
0.46055272,-0.600738,0.21,0.09,-0.11111111111111112,0,-0.6
-0.20318976,-0.600738,0.21,0.09,-0.11111111111111112,0,-0.6
0.036866218,-0.600738,0.21,0.09,-0.11111111111111112,0,-0.6
0.35234955,-0.600738,0.21,0.09,-0.11111111111111112,0,-0.6
0.35234955,-0.600738,-0.09,0.04,-0.11111111111111112,0,-0.8
-0.14705579,-0.600738,-0.09,0.04,-0.11111111111111112,0,-0.8
-0.099045426,-0.600738,0.16,0.2,-0.11111111111111112,0,-0.8
-0.09799847,-0.600738,0.19,0.32,-0.11111111111111112,0,-0.7
0.04438625,-0.600738,0.19,0.32,-0.11111111111111112,0,-1.0
-0.00036019832,-0.5060600000000001,0.19,0.32,-0.8,0,-1.0
0.62985677,-0.5060600000000001,0.19,0.32,-0.8,0,-1.0
-0.17165175,-0.5060600000000001,0.19,0.32,-0.8,0,-1.0
-0.17165175,-0.5060600000000001,0.18,0.28,-0.8,0,-1.0
0.55510914,-0.5060600000000001,0.18,0.28,-0.8,0,-0.9
0.55510914,0.0,0.18,0.28,0.0,0,-0.9
0.67077005,0.0,0.18,0.28,0.0,0,-1.0
-0.013886526,0.0,0.18,0.28,0.0,0,-1.0
0.6522201999999999,0.0,0.18,0.28,0.0,0,-1.0
0.6522201999999999,0.0,0.18,0.28,0.0,0,-0.8
0.6535538000000001,0.0,0.18,0.28,0.0,0,-0.7
0.6535538000000001,0.0,0.18,0.28,-0.25,0,-0.7
-0.31262553,0.0,0.18,0.28,-0.25,0,-0.7
0.3786451,0.0,0.18,0.28,-0.25,0,-0.7
0.64430726,0.0,0.18,0.28,-0.25,0,-0.7
0.64430726,0.0,0.12,0.25,-0.25,0,-1.0
0.33788934,0.0,0.12,0.25,-0.25,0,-1.0
0.53283215,0.0,0.12,0.25,-0.25,0,-1.0
0.5558741999999999,-0.719721,0.12,0.25,-0.05000000000000001,0,-1.0
0.43841174,-0.719721,0.12,0.25,-0.05000000000000001,0,-1.0
0.5857978,-0.719721,0.12,0.25,-0.05000000000000001,0,-1.0
0.20232674,-0.719721,0.12,0.25,-0.05000000000000001,0,-1.0
0.09638444,-0.719721,0.12,0.25,-0.05000000000000001,0,-1.0
-0.021729141,-0.719721,0.12,0.25,-0.05000000000000001,0,-1.0
-0.021729141,-0.719721,0.23,0.3,-0.05000000000000001,0,-1.0
0.3791967,-0.719721,0.23,0.3,-0.05000000000000001,0,-1.0
-0.12639287,-0.719721,0.23,0.3,-0.05000000000000001,0,-1.0
-0.31924686,-0.719721,0.23,0.3,-0.05000000000000001,0,-1.0
-0.31924686,-0.931329,0.23,0.3,-0.5,0,-1.0
0.62080544,-0.931329,0.23,0.3,-0.5,0,-1.0
0.6108168,-0.931329,0.14,0.3,-0.5,0,-1.0
0.26157662,-0.931329,0.14,0.3,-0.5,0,-0.9
0.5291812,-0.931329,0.14,0.3,-0.5,0,-0.9
0.0034602657,-0.931329,0.14,0.3,-0.5,0,-0.9
0.0034602657,-0.931329,0.14,0.3,-0.5,0,-1.0
-0.0630101,0.0,0.14,0.3,-0.3,0,-1.0
0.6231245,0.0,0.14,0.3,-0.3,0,-1.0
0.521359,0.0,0.14,0.3,-0.3,0,-1.0
0.521359,0.0,0.14,0.3,0.5,0,-1.0
0.65361625,0.0,0.14,0.3,0.5,0,0.0
0.6887515999999999,0.0,0.14,0.3,0.05833333333333335,0,-1.0
0.6868729,0.0,0.14,0.3,0.05833333333333335,0,-0.7
0.6219453,0.0,0.02,-0.06,0.05833333333333335,0,-0.8
0.61693025,0.0,0.18,0.2,0.05833333333333335,0,-0.7
0.65248895,0.0,0.18,0.2,0.05833333333333335,0,-0.7
0.65248895,0.0,-0.22,-0.25,0.05833333333333335,0,0.0
0.54040384,0.0,-0.22,-0.25,0.05833333333333335,0,-0.7
0.54040384,0.0,-0.22,-0.25,0.05833333333333335,0,-0.7
0.54040384,0.0,-0.22,-0.25,0.0,0,-0.7
0.3485365,0.0,-0.22,-0.25,0.0,0,-0.7
0.3485365,-0.574851,-0.22,-0.25,-0.20370370370370366,0,-0.7
0.47659838,-0.574851,-0.22,-0.25,-0.20370370370370366,0,-1.0
-0.11366737,-0.574851,-0.22,-0.25,-0.20370370370370366,0,-1.0
-0.2690342,-0.574851,-0.22,-0.25,-0.20370370370370366,0,-1.0
-0.036379576,-0.574851,-0.22,-0.25,-0.20370370370370366,0,-1.0
0.32738826,-0.574851,-0.22,-0.25,-0.20370370370370366,0,-1.0
0.32738826,-0.574851,0.1,0.16,-0.20370370370370366,0,-0.8
0.36332726,-0.574851,0.13,0.29,-0.20370370370370366,0,-1.0
0.36332726,0.0,0.13,0.29,-0.01851851851851845,0,-1.0
0.46673742,0.0,0.13,0.29,-0.01851851851851845,0,-1.0
-0.07209274,0.0,0.13,0.29,-0.01851851851851845,0,-1.0
0.45635575,0.0,0.13,0.29,-0.01851851851851845,0,-1.0
0.5575829999999999,0.0,0.13,0.29,-0.01851851851851845,0,-1.0
-0.26832595,0.0,0.13,0.29,-0.01851851851851845,0,-1.0
0.41083446,0.0,0.13,0.29,-0.01851851851851845,0,-1.0
0.48622093,0.0,-0.04,0.15,-0.01851851851851845,0,-1.0
0.6430554,0.0,-0.04,0.15,-0.01851851851851845,0,-1.0
-0.06612844,0.0,-0.04,0.15,-0.01851851851851845,0,-1.0
0.61801934,0.0,-0.04,0.15,-0.01851851851851845,0,-0.9
0.61801934,-0.5027229999999999,-0.04,0.15,-0.05,0,-0.9
0.5971555000000001,-0.5027229999999999,0.12,0.38,-0.05,0,-0.8
0.18031244,-0.5027229999999999,0.12,0.38,-0.05,0,-0.7
0.5861538000000001,-0.5027229999999999,0.12,0.38,-0.05,0,-0.7
-0.05030436,-0.5027229999999999,0.12,0.38,-0.05,0,-0.7
-0.05030436,-0.5027229999999999,-0.12,0.11,-0.05,0,-0.6
0.38918763,-0.5027229999999999,-0.12,0.11,-0.05,0,-0.6
0.4471526,0.0,-0.12,0.11,-0.3,0,-0.6
-0.13227701,0.0,-0.12,0.11,-0.3,0,-0.6
0.43078345,0.0,-0.12,0.11,-0.3,0,-0.5
0.6977128,0.0,-0.12,0.11,-0.3,0,-0.5
0.656582,0.0,0.11,0.15,-0.3,0,-0.5
0.6290414000000001,0.0,0.11,0.15,0.0,0,-0.3
0.3959789,0.0,0.11,0.15,0.0,0,-0.3
0.3959789,0.0,-0.17,-0.02,0.0,0,0.0
0.6567937,0.0,-0.17,-0.02,0.0,0,-0.3
0.36535764,0.0,-0.17,-0.02,0.0,0,-0.3
-0.042993575,0.0,-0.17,-0.02,0.0,0,-0.3
0.1298925,0.0,-0.17,-0.02,0.0,0,-0.3
0.6183483000000001,0.0,-0.17,-0.02,0.0,0,-0.5
-0.32085148,0.0,-0.17,-0.02,0.0,0,-0.1
-0.08195481,0.0,-0.17,-0.02,0.0,0,0.2
-0.08195481,0.0,0.08,0.18,0.0,0,0.3
0.50035226,0.0,0.08,0.18,0.0,0,0.0
0.56080246,0.0,0.11,0.23,0.0,0,-0.6
0.37643462,0.0,0.11,0.23,0.0,0,-0.4
0.21709940000000005,0.0,0.11,0.23,0.0,0,-0.4
0.56389374,0.0,0.11,0.23,0.0,0,-0.4
-0.12855455,0.0,0.11,0.23,0.0,0,-0.5
0.4052034,0.0,0.11,0.23,0.0,0,-0.6
0.5336193,0.0,0.11,0.23,0.0,0,-0.6
0.5906095,0.0,0.15,0.19,0.0,0,-0.6
-0.13689741,0.0,0.15,0.19,0.0,0,-0.7
-0.0076766909999999985,0.0,0.15,0.19,0.0,0,-0.7
0.36748004,0.0,0.15,0.19,0.0,0,-0.6
0.42681384,0.0,0.15,0.19,0.2011904761904762,0,-0.5
0.42681384,0.0,0.15,0.19,0.2011904761904762,0,-0.3
0.62671417,0.0,0.15,0.19,0.2011904761904762,0,-0.2
0.6652235,0.0,0.15,0.19,0.2011904761904762,0,-0.7
-0.28991383,0.0,0.15,0.19,0.2011904761904762,0,-0.7
0.6525113,0.0,0.15,0.19,0.2011904761904762,0,-0.8
-0.1373934,0.0,0.15,0.19,0.2011904761904762,0,-1.0
-0.1373934,0.0,-0.04,-0.09,0.2011904761904762,0,-1.0
-0.10254064,0.0,0.16,0.19,0.2011904761904762,0,-1.0
-0.07388854,0.0,0.14,0.26,0.2011904761904762,0,-0.7
-0.06987639,0.0,-0.07,0.08,0.2011904761904762,0,-0.5
-0.19509736,0.0,-0.07,0.08,0.2011904761904762,0,-0.9
-0.09169565,0.0,-0.07,0.08,0.2011904761904762,0,-1.0
-0.13264287,0.0,0.06,0.11,0.2011904761904762,0,-1.0
-0.13264287,0.0,0.06,0.11,0.04999999999999999,0,-1.0
-0.30475852,0.0,0.06,0.11,0.04999999999999999,0,-1.0
-0.30475852,0.0,0.08,0.13,0.04999999999999999,0,-1.0
-0.13210496,0.0,0.08,0.13,0.04999999999999999,0,-1.0
-0.0030968338,0.0,0.08,0.13,0.04999999999999999,0,-1.0
0.14681429,0.0,0.08,0.13,0.04999999999999999,0,-1.0
-0.15025562,0.0,0.08,0.13,0.04999999999999999,0,-1.0
-0.27033222,0.0,0.08,0.13,0.04999999999999999,0,-1.0
-0.27033222,0.0,0.08,0.13,-0.25,0,-1.0
-0.27033222,0.0,0.08,0.13,0.15753968253968256,0,-1.0
-0.19636136,0.0,0.16,0.38,0.15753968253968256,0,-1.0
-0.09412314,0.0,0.16,0.38,0.15753968253968256,0,-1.0
0.03746036,0.0,0.16,0.38,0.15753968253968256,0,-1.0
0.13803387,0.0,0.16,0.38,0.15753968253968256,0,-1.0
0.13803387,0.0,0.12,0.24,0.15753968253968256,0,-1.0
0.4526298,0.0,0.12,0.24,0.15753968253968256,0,-1.0
0.0809405,0.0,0.12,0.24,0.15753968253968256,0,-1.0
0.6521823,0.0,0.12,0.24,0.15753968253968256,0,-1.0
0.63516766,0.0,0.12,0.24,-0.05,0,-1.0
0.5962161,0.0,0.05,0.39,-0.05,0,-1.0
0.61455774,-0.763674,0.05,0.39,-0.05,0,-1.0
0.4571268,-0.763674,0.05,0.39,-0.05,0,-1.0
0.61631197,-0.763674,0.05,0.39,-0.05,0,-1.0
0.37354034,-0.763674,0.05,0.39,-0.05,0,-1.0
0.47444198,-0.763674,0.05,0.39,-0.05,0,-1.0
0.47444198,-0.763674,0.18,0.57,-0.05,0,-0.8
-0.17764124,-0.763674,0.18,0.57,-0.05,0,-0.8
0.4672476,-0.763674,0.18,0.57,-0.05,0,-1.0
0.61720586,-0.763674,0.18,0.57,-0.05,0,-1.0
0.61720586,-0.763674,0.18,0.38,-0.05,0,-1.0
0.5081412000000001,-0.763674,0.18,0.38,-0.05,0,-1.0
0.5081412000000001,-0.763674,0.07,0.16,-0.05,0,-1.0
0.22195682,-0.763674,0.07,0.16,-0.05,0,-1.0
0.035694037000000005,-0.763674,0.07,0.16,-0.05,0,-0.9
0.5204222,-0.763674,0.07,0.16,-0.05,0,-0.8
0.62627465,-0.763674,0.07,0.16,-0.05,0,-1.0
-0.04770896,-0.763674,0.07,0.16,-0.05,0,-1.0
-0.04770896,-0.659671,0.07,0.16,-1.0,0,-1.0
0.5916752,-0.659671,0.07,0.16,-1.0,0,-1.0
0.5916752,-0.659671,0.04,0.23,-1.0,0,-1.0
0.5550568,-0.659671,0.09,0.28,-1.0,0,-1.0
0.64021784,-0.59103,0.09,0.28,0.0,0,-1.0
0.5156584,-0.59103,0.09,0.28,0.0,0,-1.0
-0.15565722,-0.59103,0.09,0.28,0.0,0,-1.0
-0.045777492,-0.59103,0.09,0.28,0.0,0,-0.7
-0.09340419,-0.59103,0.11,0.32,0.0,0,-0.7
0.4801139,-0.59103,0.11,0.32,0.0,0,-0.6
0.4801139,0.0,0.11,0.32,-0.15,0,-0.7
-0.16547088,0.0,0.11,0.32,-0.15,0,-0.7
-0.16547088,0.0,0.07,0.25,-0.15,0,-0.8
0.1135553,0.0,0.07,0.25,-0.15,0,-0.8
0.050447393,-0.589032,0.07,0.25,-1.0,0,-0.9
-0.07617617,-0.589032,0.07,0.25,-1.0,0,-1.0
-0.091468275,-0.589032,0.16,0.36,-1.0,0,-1.0
0.013122708,-0.589032,0.16,0.36,-1.0,0,-1.0
0.69794315,-0.589032,0.16,0.36,-1.0,0,-1.0
0.67599255,-0.589032,0.21,0.53,-1.0,0,-1.0
0.5585376999999999,-0.589032,0.21,0.53,-1.0,0,-0.9
0.11444569,-0.589032,0.21,0.53,-1.0,0,-1.0
0.11444569,0.0,0.21,0.53,0.0,0,-0.5
-0.20222417,0.0,0.21,0.53,0.0,0,-0.7
-0.3146527,0.0,0.21,0.53,0.0,0,-1.0
-0.27920234,0.0,0.11,0.26,0.0,0,-1.0
-0.15980661,0.0,0.11,0.26,0.0,0,-1.0
-0.15980661,0.0,0.1,0.29,0.0,0,-1.0
-0.23030668,-0.7665649999999999,0.1,0.29,0.16666666666666666,0,-1.0
-0.013039038,-0.7665649999999999,0.1,0.29,0.16666666666666666,0,-1.0
0.4170792,-0.7665649999999999,0.1,0.29,0.16666666666666666,0,-1.0
0.29174283,-0.7665649999999999,0.1,0.29,0.16666666666666666,0,-1.0
0.6040551,-0.7665649999999999,0.1,0.29,0.16666666666666666,0,-1.0
0.32180068,-0.7665649999999999,0.1,0.29,0.16666666666666666,0,-1.0
0.59657943,-0.7665649999999999,0.1,0.29,0.16666666666666666,0,-1.0
0.5827545999999999,-0.7665649999999999,0.1,0.29,0.16666666666666666,0,-1.0
0.50667834,-0.7665649999999999,0.02,0.15,0.16666666666666666,0,-1.0
0.37346125,-0.7665649999999999,0.02,0.15,0.16666666666666666,0,-1.0
0.37346125,-0.7665649999999999,0.02,0.15,0.16666666666666666,0,-1.0
0.5277536,-0.7665649999999999,0.02,0.15,0.16666666666666666,0,-1.0
0.57002705,-0.7665649999999999,0.02,0.15,0.16666666666666666,0,-1.0
0.46402985,-0.7665649999999999,0.02,0.15,0.16666666666666666,0,-1.0
0.46402985,-0.7665649999999999,0.02,0.15,0.16666666666666666,0,-0.9
0.34933400000000003,-0.7665649999999999,0.02,0.15,0.16666666666666666,0,-1.0
0.34933400000000003,-0.7665649999999999,-0.01,0.3,0.16666666666666666,0,-1.0
0.4448342000000001,-0.7665649999999999,0.15,0.32,0.16666666666666666,0,-1.0
0.4448342000000001,0.0,0.15,0.32,0.5,0,-1.0
0.6198946999999999,0.0,0.15,0.32,0.5,0,-1.0
0.6198946999999999,0.0,0.15,0.32,0.5,0,-1.0
0.45238745,0.0,0.15,0.32,0.5,0,-1.0
0.45238745,0.0,-0.05,0.19,0.5,0,-1.0
0.45238745,-0.666562,-0.05,0.19,0.0,0,-1.0
0.45441824,-0.666562,-0.05,0.19,0.0,0,-1.0
0.63009053,-0.666562,-0.05,0.19,0.0,0,-1.0
0.4185562,-0.666562,-0.05,0.19,0.0,0,-0.5
0.7198210999999999,-0.666562,-0.05,0.19,0.0,0,-0.6
0.57273906,-0.666562,-0.05,0.19,0.0,0,-0.7
0.57273906,-0.755249,-0.05,0.19,-0.05185185185185186,0,-0.6
0.43216515,-0.755249,-0.05,0.19,-0.05185185185185186,0,-0.6
0.43216515,-0.755249,0.05,0.11,-0.05185185185185186,0,0.0
0.55124533,-0.755249,0.05,0.11,-0.05185185185185186,0,-0.3
0.39981547,-0.755249,0.05,0.11,-0.05185185185185186,0,-0.3
0.66197556,-0.755249,0.05,0.11,-0.05185185185185186,0,-0.2
0.5107752000000001,-0.755249,0.05,0.11,-0.05185185185185186,0,0.0
0.5107752000000001,-0.755249,0.15,0.01,-0.05185185185185186,0,0.0
0.34576127,-0.755249,0.15,0.01,-0.05185185185185186,0,-0.4
0.489617,-0.755249,0.15,0.01,-0.05185185185185186,0,-0.5
0.489617,-0.755249,0.04,0.22,-0.05185185185185186,0,-0.9
0.46625325,-0.755249,0.04,0.2,-0.05185185185185186,0,-1.0
0.5513463000000001,0.0,0.04,0.2,-0.09999999999999994,0,-1.0
0.34482908,0.0,0.04,0.2,-0.09999999999999994,0,-1.0
0.25385368,0.0,0.07,0.22,-0.09999999999999994,0,-0.8
0.4473484,0.0,0.07,0.22,-0.09999999999999994,0,0.0
-0.024993286,0.0,0.07,0.22,-0.09999999999999994,0,-1.0
0.52967846,0.0,0.07,0.22,-0.09999999999999994,0,-1.0
0.49679214,0.0,0.07,0.22,0.0,0,-1.0
0.55173504,0.0,0.17,0.29,0.0,0,-1.0
0.5493189,0.0,0.16,0.34,0.0,0,-1.0
0.56048036,-0.873144,0.16,0.34,-0.5,0,-1.0
0.5977446999999999,0.597925,0.16,0.34,0.3333333333333333,0,-1.0
0.6039491,0.597925,0.16,0.34,0.3333333333333333,0,-1.0
0.453977,0.597925,0.16,0.34,0.3333333333333333,0,-1.0
0.7022027,0.597925,0.16,0.34,0.3333333333333333,0,-1.0
0.7022027,0.597925,0.16,0.34,0.3333333333333333,0,-1.0
0.7022027,0.597925,0.16,0.34,0.3333333333333333,0,-1.0
0.66497016,0.597925,0.16,0.34,0.3333333333333333,0,-1.0
0.45459393,0.597925,0.16,0.34,0.3333333333333333,0,-1.0
0.40304685,0.597925,0.03,0.26,0.3333333333333333,0,-1.0
0.540343,0.597925,0.03,0.26,0.3333333333333333,0,-1.0
0.30519533,0.597925,0.03,0.26,0.3333333333333333,0,-1.0
-0.26743597,0.597925,0.03,0.26,0.3333333333333333,0,-1.0
-0.26743597,0.597925,0.03,0.26,0.3333333333333333,0,-1.0
0.66017026,0.597925,0.03,0.26,0.3333333333333333,0,-0.9
0.70787823,-0.658265,0.03,0.26,-0.3499999999999999,0,-1.0
0.60796076,-0.658265,0.03,0.26,-0.3499999999999999,0,-0.7
0.60796076,-0.658265,0.03,0.26,-0.3499999999999999,0,-1.0
0.65509766,-0.658265,0.03,0.26,-0.3499999999999999,0,-1.0
0.65509766,-0.658265,0.1,0.19,-0.3499999999999999,0,-1.0
0.52267337,-0.658265,0.1,0.19,-0.3499999999999999,0,-1.0
0.19552816,-0.658265,0.1,0.19,-0.3499999999999999,0,-0.9
-0.24429712,-0.658265,0.1,0.19,-0.3499999999999999,0,-0.9
-0.24429712,-0.658265,0.13,0.3,-0.3499999999999999,0,-0.8
-0.20064914,0.0,0.13,0.3,0.02023809523809524,0,-1.0
0.023185648,0.0,0.13,0.3,0.02023809523809524,0,-0.9
0.47999558,0.0,0.13,0.3,0.02023809523809524,0,-0.5
0.08589235,0.0,0.13,0.3,0.02023809523809524,0,-0.4
0.5224731,0.0,0.13,0.3,0.02023809523809524,0,-0.3
0.5224731,0.0,-0.05,0.02,0.02023809523809524,0,-0.3
0.22586626,0.0,-0.05,0.02,0.02023809523809524,0,-0.3
0.22586626,-0.913043,-0.05,0.02,0.0,0,-0.3
-0.09932533,-0.913043,-0.05,0.02,0.0,0,-0.4
0.42520356,-0.913043,-0.05,0.02,0.0,0,-0.4
0.42520356,-0.584048,-0.05,0.02,0.0,0,-0.4
0.62785983,-0.584048,-0.05,0.02,0.0,0,-0.4
0.62785983,0.0,-0.05,0.02,0.0,0,-0.4
-0.04904131,0.0,-0.05,0.02,0.0,0,-0.6
-0.04904131,-0.750957,-0.05,0.02,0.26666666666666666,0,-0.5
-0.27447453,-0.750957,-0.05,0.02,0.26666666666666666,0,-0.5
-0.27447453,-0.750957,0.04,0.12,0.26666666666666666,0,-0.5
0.21103968,-0.750957,0.04,0.12,0.26666666666666666,0,-0.5
0.21103968,-0.750957,0.02,0.29,0.26666666666666666,0,-0.5
0.3611002,-0.750957,0.02,0.29,0.26666666666666666,0,-0.5
0.1726603,-0.750957,0.02,0.29,0.26666666666666666,0,-0.5
0.1726603,-0.750957,0.04,0.15,0.26666666666666666,0,-0.5
0.55163896,-0.750957,0.04,0.15,0.26666666666666666,0,-0.7
0.55163896,-0.750957,0.04,0.15,0.26666666666666666,0,-0.7
0.6939184,-0.750957,0.04,0.15,0.26666666666666666,0,-0.7
0.6667464,-0.750957,0.04,0.15,0.26666666666666666,0,-0.7
0.6550034,-0.750957,0.18,0.23,0.26666666666666666,0,-0.7
0.52776647,-0.750957,0.18,0.23,0.26666666666666666,0,-0.7
0.59579444,-0.750957,0.04,-0.02,0.26666666666666666,0,-0.7
0.69370437,-0.8508180000000001,0.04,-0.02,-0.5,0,-1.0
0.11732353,-0.8508180000000001,0.04,-0.02,-0.5,0,-1.0
-0.17076352,-0.8508180000000001,0.04,-0.02,-0.5,0,-1.0
0.54107416,-0.8508180000000001,0.04,-0.02,-0.5,0,-1.0
0.47884876,-0.8508180000000001,0.04,-0.02,-0.5,0,-1.0
0.37403253,-0.8508180000000001,0.04,-0.02,-0.5,0,-1.0
0.69878364,0,0.04,-0.02,0,0,-1.0
0.69878364,0,-0.08,-0.09,0,0,-1.0
0.6302582,0,-0.08,-0.09,0,0,-1.0
0.34710490000000005,0,-0.08,-0.09,0,0,-1.0
0.69332415,0.0,-0.11,0.08,0.0,0,0.4
0.69332415,0.8804350000000001,-0.11,0.08,0.7,0,0.7
0.69332415,0.0,-0.11,0.08,0.16,0,0.7
0.69332415,0.0,0.15,0.23,0.16,0,0.7
0.6705267,0.0,0.05,0.2,0.16,0,0.7
0.64331704,0.0,0.05,0.2,0.25,0,0.7
0.6653148,0.0,0.1,0.25,0.25,0,0.7
-0.12911102,0.0,0.1,0.25,0.25,0,0.9
-0.12911102,0.0,0.1,0.25,0.25,0,0.9
-0.11609356,0.0,0.1,0.25,0.25,0,0.9
-0.11609356,0.0,0.51,-0.02,0.25,0,0.7
0.25543487,0.0,0.51,-0.02,0.25,0,0.0
0.7003264,0.0,0.51,-0.02,0.25,0,0.7
-0.12075874,0.0,0.51,-0.02,0.25,0,0.7
-0.12075874,0.0,0.51,-0.02,0.25,0,0.7
-0.12075874,0.0,0.51,-0.02,0.25,0,0.7
0.4833919,0.0,0.51,-0.02,0.25,0,0.6
0.6541085999999999,0.0,0.51,-0.02,0.25,0,0.6
0.56312615,0.0,0.51,-0.02,0.25,0,0.2
0.56312615,0.0,0.15,0.18,0.25,0,0.2
0.5120678,0.0,0.28,0.18,0.25,0,0.2
0.61425495,0.0,0.28,0.18,0.25,0,0.2
0.06517562,0.0,0.28,0.18,0.25,0,0.2
0.11320652,0.0,0.33,0.13,0.25,0,0.3
0.5800936,0.0,0.33,0.13,0.25,0,0.2
0.5800936,0.0,0.33,0.13,0.7,0,0.2
0.5368618000000001,0.0,0.33,0.13,0.0,0,0.2
0.4081728,0.0,0.33,0.13,0.0,0,0.2
0.5059060000000001,0.0,0.3,0.13,0.0,0,0.3
0.01632522,0.0,0.3,0.13,0.0,0,-0.3
-0.20226595,0.0,0.3,0.13,0.0,0,-0.2
0.16900821,0.0,0.3,0.13,0.0,0,-0.1
0.43233213,0.0,0.3,0.13,0.0,0,0.1
0.43233213,0.0,0.28,0.11,0.0,0,0.0
0.13345474,0.0,0.28,0.11,0.0,0,0.2
0.13345474,0.0,0.28,0.11,0.0,0,0.2
0.28682348,0.0,0.28,0.11,0.0,0,0.2
0.28682348,0.615284,0.28,0.11,0.3514285714285715,0,0.2
0.3994477,0.615284,0.28,0.11,0.3514285714285715,0,0.2
-0.03759332,0.615284,0.28,0.11,0.3514285714285715,0,0.2
-0.03759332,0.615284,0.28,0.11,0.3514285714285715,0,0.2
0.17761137,0.615284,0.28,0.11,0.3514285714285715,0,0.2
0.17761137,0.615284,0.51,0.11,0.3514285714285715,0,0.2
0.17761137,0.615284,0.51,0.11,0.3514285714285715,0,0.2
0.062473617,0.615284,0.51,0.11,0.3514285714285715,0,0.2
0.63074183,0.615284,0.51,0.11,0.3514285714285715,0,0.2
-0.076444626,0.615284,0.51,0.11,0.3514285714285715,0,0.2
-0.076444626,0.615284,0.51,0.11,0.3514285714285715,0,0.2
-0.076444626,0.615284,0.41,0.3,0.3514285714285715,0,0.2
-0.06502177,0.615284,0.23,0.1,0.3514285714285715,0,0.2
0.43176883,0.615284,0.23,0.1,0.3514285714285715,0,0.2
0.27299818,0.615284,0.23,0.1,0.3514285714285715,0,0.2
0.46323264,0.615284,0.23,0.1,0.3514285714285715,0,0.2
0.124669924,0.615284,0.23,0.1,0.3514285714285715,0,0.3
-0.079867825,0.615284,0.23,0.1,0.3514285714285715,0,0.2
0.03679402,0.615284,0.23,0.1,0.3514285714285715,0,0.3
-0.14047885,0.615284,0.23,0.1,0.3514285714285715,0,0.6
-0.14047885,0.615284,0.19,0.1,0.3514285714285715,0,0.6
0.12906188,0.615284,0.19,0.1,0.3514285714285715,0,0.5
0.34232947,0.615284,0.19,0.1,0.3514285714285715,0,0.5
0.34232947,0.615284,0.19,0.1,0.3514285714285715,0,0.5
0.4033252,0.615284,0.22,0.21,0.3514285714285715,0,0.4
-0.25727510000000003,0.615284,0.22,0.21,0.3514285714285715,0,0.4
-0.25727510000000003,0.615284,0.22,0.21,0.3514285714285715,0,0.3
-0.09333801,0.615284,0.22,0.21,0.3514285714285715,0,0.3
0.27927083,0.615284,0.22,0.21,0.3514285714285715,0,0.3
0.27927083,0.615284,0.23,0.22,0.3514285714285715,0,0.3
0.2929166,0.615284,0.62,0.39,0.3514285714285715,0,0.3
-0.13085383,0.615284,0.62,0.39,0.3514285714285715,0,0.3
0.16507432,0.615284,0.62,0.39,0.3514285714285715,0,0.3
0.38820973,0.615284,0.62,0.39,0.3514285714285715,0,0.3
0.38820973,0.0,0.62,0.39,0.2857142857142857,0,0.3
0.023177344,0.0,0.62,0.39,0.2857142857142857,0,0.3
0.023177344,0.0,0.62,0.39,0.0,0,0.3
0.008330464000000001,0.611063,0.62,0.39,1.0,0,0.3
0.22526193,0.611063,0.62,0.39,1.0,0,0.3
-0.0483583,0.611063,0.62,0.39,1.0,0,0.3
-0.0483583,0.611063,0.49,-0.01,1.0,0,0.3
0.025413785,0.611063,0.33,0.28,1.0,0,0.3
0.025413785,0.0,0.33,0.28,0.0,0,0.3
-0.012530632,0.0,0.21,0.27,0.0,0,0.3
-0.13941388,0.0,0.21,0.27,0.0,0,0.3
0.21597953,0.0,0.21,0.27,0.0,0,0.5
0.49505034,0.0,0.21,0.27,0.0,0,0.5
0.49505034,0.0,0.21,0.27,0.0,0,0.0
0.31258962,0.0,0.21,0.27,0.0,0,0.0
0.31258962,0.0,0.37,0.31,0.0,0,0.0
0.48686862,0.0,0.37,0.31,0.0,0,-0.2
0.48686862,0.0,0.3,0.28,0.0,0,-0.3
-0.08671504,0.0,0.3,0.28,0.0,0,-0.3
0.47928524,0.0,0.3,0.28,0.0,0,-0.3
0.62473464,0.0,0.3,0.28,0.0,0,-0.2
0.46941596,0.0,0.3,0.28,0.0,0,-0.4
0.46941596,0.0,0.3,0.28,0.55,0,-0.4
0.58016473,0.0,0.3,0.28,0.55,0,-0.4
0.58016473,0.0,0.3,0.28,0.55,0,-0.3
0.58016473,0.0,0.32,0.23,0.55,0,-0.4
-0.016979761,0.0,0.32,0.23,0.55,0,0.0
-0.20880386,0.0,0.32,0.23,0.55,0,-0.5
0.43168122,0.0,0.32,0.23,0.55,0,-0.5
0.43168122,0.0,0.38,0.21,0.55,0,-0.5
0.21388271,0.0,0.38,0.21,0.55,0,0.0
0.07963861,0.0,0.38,0.21,0.55,0,-0.5
-0.19724792,0.0,0.38,0.21,0.55,0,-0.5
-0.19724792,0.0,0.38,0.21,0.55,0,-0.5
0.49125248,0.0,0.38,0.21,0.55,0,-0.1
0.3729885,0.0,0.38,0.21,0.55,0,0.0
0.3729885,0.0,0.38,0.21,0.55,0,0.0
-0.009592496,0.0,0.38,0.21,0.55,0,0.4
0.44954276,0.0,0.38,0.21,0.55,0,0.3
0.44954276,0.0,0.21,0.21,0.55,0,0.4
0.12660742,0.0,0.21,0.21,0.55,0,0.4
-0.08670324,0.0,0.21,0.21,0.55,0,0.5
0.1492078,0.0,0.21,0.21,0.55,0,0.6
0.004161708,0.0,0.21,0.21,0.55,0,0.6
0.24924079,0.0,0.21,0.21,0.55,0,0.6
0.24924079,0.0,0.45,0.32,0.55,0,0.5
0.40397677,0.0,0.45,0.32,0.55,0,0.5
-0.1880797,0.0,0.45,0.32,0.55,0,0.5
0.10957416,0.0,0.45,0.32,0.55,0,0.5
-0.04097107,0.0,0.45,0.32,0.55,0,0.5
-0.04097107,0.0,0.18,0.21,0.55,0,0.5
-0.22784933,0.0,0.18,0.21,0.55,0,0.5
-0.13680707,0.0,0.16,0.14,0.55,0,0.5
-0.108315036,0.0,0.1,-0.1,0.55,0,0.5
0.36030903,0.0,0.1,-0.1,0.55,0,0.5
0.36030903,0.0,0.4,0.28,0.55,0,0.5
-0.06685629,0.0,0.4,0.28,0.55,0,0.5
-0.06685629,0.0,0.22,0.11,0.55,0,0.5
0.028328648,0.0,0.22,0.11,0.55,0,0.5
0.2191005,0.0,0.22,0.11,0.55,0,0.5
0.5847083000000001,0.0,0.22,0.11,0.55,0,0.5
0.6059293,0.0,0.22,0.11,0.55,0,0.6
0.6059293,0.500855,0.22,0.11,0.25,0,0.6
0.37506953,0.500855,0.22,0.11,0.25,0,0.6
0.5505799,0.500855,0.22,0.11,0.25,0,0.2
-0.18497445,0.500855,0.22,0.11,0.25,0,0.2
0.3639803,0.500855,0.22,0.11,0.25,0,-0.3
0.3490477,0.500855,0.33,0.2,0.25,0,-0.9
0.3490477,0.500855,0.33,0.2,0.25,0,-0.9
0.21539092,0.500855,0.33,0.2,0.25,0,-0.9
0.21539092,0.500855,0.26,0.14,0.25,0,-0.9
0.4595429,0.500855,0.26,0.14,0.25,0,-1.0
-0.29129595,0.500855,0.26,0.14,0.25,0,-1.0
-0.29129595,0.500855,0.26,0.14,0.25,0,-0.9
0.26981214,0.500855,0.26,0.14,0.25,0,-0.8
0.26981214,0.500855,-0.3,-0.22,0.25,0,-0.6
-0.0070996135,0.500855,-0.3,-0.22,0.25,0,-0.6
0.23999777,0.500855,-0.3,-0.22,0.25,0,-0.6
0.37862638,0.500855,-0.3,-0.22,0.25,0,-0.6
-0.06807811,0.500855,-0.3,-0.22,0.25,0,-0.6
-0.06807811,-0.638483,-0.3,-0.22,0.0,0,-0.6
0.066178545,-0.638483,-0.3,-0.22,0.0,0,-0.6
-0.07512881,-0.638483,-0.3,-0.22,0.0,0,-0.6
-0.062174037,-0.638483,0.19,-0.11,0.0,0,-0.5
-0.062174037,-0.638483,0.26,0.26,0.0,0,-0.6
-0.057456113,-0.6144,0.26,0.26,0.375,0,-0.6
-0.10847308,-0.6144,0.28,0.16,0.375,0,-0.6
-0.08167936,-0.6144,0.33,0.23,0.375,0,-0.6
-0.04573725,-0.650374,0.33,0.23,-0.9099999999999998,0,-0.6
0.24602649,-0.650374,0.33,0.23,-0.9099999999999998,0,-0.8
0.24602649,-0.650374,0.28,0.07,-0.9099999999999998,0,-0.8
0.07717107,-0.650374,0.28,0.07,-0.9099999999999998,0,-0.7
0.25716877,-0.650374,0.28,0.07,-0.9099999999999998,0,-0.6
0.44033536,-0.650374,0.28,0.07,-0.9099999999999998,0,-0.5
0.38439932,-0.650374,0.38,0.15,-0.9099999999999998,0,-0.6
0.014114272,-0.650374,0.38,0.15,-0.9099999999999998,0,-0.5
0.014114272,0.0,0.38,0.15,0.2857142857142857,0,-0.5
0.014114272,0.0,0.38,0.15,0.0,0,-0.5
0.014114272,0.0,0.42,0.28,0.0,0,-0.5
0.3128021,0.0,0.42,0.28,0.0,0,-0.5
0.21509379,-0.551126,0.42,0.28,-0.55,0,-0.5
0.3244681,-0.551126,0.42,0.28,-0.55,0,-0.5
0.3244681,-0.551126,0.42,0.28,-0.55,0,-0.5
0.19433606,-0.551126,0.42,0.28,-0.55,0,-0.8
0.21914959,-0.551126,0.42,0.28,-0.55,0,-0.8
0.05419368,-0.551126,0.42,0.28,-0.55,0,-0.7
0.05419368,-0.551126,0.32,0.17,-0.55,0,-0.7
-0.12226272,-0.551126,0.32,0.17,-0.55,0,-0.7
-0.12838519999999998,-0.551126,0.41,0.21,-0.55,0,-0.8
0.009592418,-0.551126,0.41,0.21,-0.55,0,-0.8
0.009592418,-0.959575,0.41,0.21,0.23,0,-0.8
-0.11052707,-0.959575,0.41,0.21,0.23,0,-0.8
-0.06417108,-0.959575,0.14,0.08,0.23,0,-0.8
-0.06506245,0.770415,0.14,0.08,0.15000000000000002,0,-0.8
-0.06506245,0.770415,0.3,0.02,0.15000000000000002,0,-0.8
-0.1707116,0.770415,0.3,0.02,0.15000000000000002,0,-0.8
-0.1707116,0.0,0.3,0.02,0.0,0,-0.8
-0.11820026,-0.742898,0.3,0.02,0.03148148148148148,0,-0.8
-0.120883554,-0.742898,0.19,0.1,0.03148148148148148,0,-0.8
-0.054586984000000005,-0.742898,0.39,0.16,0.03148148148148148,0,-1.0
-0.088246465,-0.742898,0.33,0.16,0.03148148148148148,0,-1.0
-0.074317455,-0.742898,0.47,0.19,0.03148148148148148,0,-1.0
-0.23913759,-0.742898,0.47,0.19,0.03148148148148148,0,-1.0
-0.23913759,-0.742898,0.33,0.28,0.03148148148148148,0,-0.9
-0.1093934,-0.742898,0.33,0.28,0.03148148148148148,0,-0.9
-0.08353560000000003,-0.580856,0.33,0.28,0.0,0,-0.9
-0.06466601,-0.580856,0.16,-0.06,0.0,0,-0.9
-0.07071088,-0.580856,0.16,-0.06,0.0,0,-0.9
-0.07071088,0.0,0.16,-0.06,0.0,0,-0.9
0.08411313599999999,0.0,0.16,-0.06,0.0,0,0.0
0.57202667,0.0,0.16,-0.06,0.0,0,-0.9
0.4918683,0.0,0.16,-0.06,0.0,0,-0.9
0.5465008000000001,0.0,0.16,-0.06,0.0,0,-0.9
0.60332775,0.0,0.16,-0.06,0.0,0,-0.9
0.44956478,0.0,0.16,-0.06,0.0,0,-0.9
0.49320823,0.0,0.41,0.05,0.0,0,-0.9
0.53479385,0.0,0.36,0.21,0.0,0,-0.9
0.4886494000000001,0.0,0.38,0.16,0.0,0,-0.9
0.07639571,0.0,0.38,0.16,0.0,0,-0.9
0.10331845,0.0,0.19,0.06,0.0,0,-0.9
0.10331845,0.0,0.19,0.06,0.07777777777777782,0,-0.9
-0.032339722,0.0,0.19,0.06,0.07777777777777782,0,-0.8
0.21079917,0.0,0.19,0.06,0.07777777777777782,0,-0.7
0.21079917,0.0,0.36,0.22,0.07777777777777782,0,-0.9
0.31085396,0.0,0.36,0.22,0.07777777777777782,0,-0.9
0.31085396,0.0,0.36,0.22,0.07777777777777782,0,-0.9
0.06950444,0.0,0.36,0.22,0.07777777777777782,0,-0.9
0.27778146,0.0,0.36,0.22,0.07777777777777782,0,-1.0
0.27778146,0.0,0.17,0.15,0.07777777777777782,0,-1.0
0.37387744,0.0,0.17,0.15,0.0,0,-1.0
0.0056371726,0.0,0.17,0.15,0.0,0,-1.0
0.0056371726,0.0,0.17,0.15,0.0,0,-1.0
0.13316563,0.0,0.17,0.15,0.0,0,-1.0
0.328969,0.0,0.17,0.15,0.0,0,-1.0
0.20283127,0.0,0.17,0.15,0.0,0,-1.0
0.20283127,0.0,0.17,0.15,0.0,0,-1.0
0.3952422,0.0,0.17,0.15,0.0,0,-1.0
0.3952422,-0.785828,0.17,0.15,-1.0,0,-1.0
0.5935478,-0.785828,0.17,0.15,-1.0,0,-1.0
0.5935478,-0.785828,0.32,0.16,-1.0,0,-1.0
-0.11032125,-0.785828,0.32,0.16,-1.0,0,-1.0
-0.11032125,-0.785828,0.32,0.16,-1.0,0,-1.0
0.5074303,-0.785828,0.32,0.16,-1.0,0,-1.0
0.61600584,-0.785828,0.32,0.16,-1.0,0,-1.0
0.61600584,-0.785828,0.07,0.13,-1.0,0,-1.0
0.059346408,-0.785828,0.07,0.13,-1.0,0,-0.9
0.13762219,-0.785828,0.22,0.14,-1.0,0,-0.9
-0.10247876,-0.785828,0.22,0.14,-1.0,0,-0.9
-0.13541985,-0.785828,0.44,0.27,-1.0,0,-0.9
-0.14117554,-0.785828,0.04,-0.29,-1.0,0,-0.9
-0.18771191,-0.785828,0.3,0.13,-1.0,0,-0.9
-0.18771191,0.0,0.3,0.13,0.0,0,-1.0
-0.20513451,0.0,0.1,0.0,0.0,0,-1.0
0.20382623,0.0,0.1,0.0,0.0,0,-1.0
0.4927705,0.0,0.1,0.0,0.0,0,-1.0
0.4927705,0.0,0.31,0.06,0.0,0,-1.0
0.49540216,0,0.3,-0.05,0,0,-0.9
0.34790117,0,0.3,-0.05,0,0,-0.8
-0.12902658,0,0.3,-0.05,0,0,-1.0
-0.039597802,0,0.39,0.21,0,0,-1.0
-0.066381454,0,0.68,0.36,0,0,-0.7
-0.066381454,0,0.68,0.36,0,0,-0.7
-0.056993037,0,0.65,0.07,0,0,-1.0
0.6551962,0,0.65,0.07,0,0,0.0
0.0062709264,0,0,0,0,0,-1.0
0.0062709264,0,0,0,0,0,-0.9
0.41012436,0.0,0.21,0.14,0.0,0,0.4
-0.015197322,0.0,0.21,0.14,0.0,0,0.6
0.13864782,0.0,0.21,0.14,0.0,0,0.7
-0.20791236,0.0,0.21,0.14,0.0,0,0.7
-0.20791236,0.0,0.06,-0.03,0.0,0,0.0
0.11008841,0.0,0.06,-0.03,0.0,0,0.6
-0.100872576,0.0,0.06,-0.03,0.0,0,0.7
-0.100872576,0.0,0.19,0.06,0.0,0,0.7
0.051395375,0.0,0.19,0.06,0.0,0,0.7
0.20439538,0.0,0.18,0.04,0.0,0,0.7
0.14314377,0.0,-0.22,-0.31,0.0,0,0.6
0.022979189,0.0,-0.22,-0.31,0.0,0,0.7
-0.18869609,0.0,-0.22,-0.31,0.0,0,0.5
-0.08832072,0.0,-0.22,-0.31,0.0,0,0.7
-0.08832072,0.0,-0.05,-0.05,0.0,0,0.6
-0.089460015,0.0,0.33,0.17,0.0,0,0.7
0.058254533,0.0,0.33,0.17,0.0,0,0.6
-0.058335945,0.0,0.33,0.17,0.0,0,0.6
-0.058335945,0.0,0.16,0.08,0.0,0,0.6
-0.25693643,0.0,0.16,0.08,0.0,0,0.7
-0.060707383,0.0,0.16,0.08,0.0,0,0.5
-0.060707383,-0.502028,0.16,0.08,-0.5,0,0.3
-0.102226436,-0.502028,0.37,0.23,-0.5,0,0.2
-0.20080212,-0.502028,0.23,0.08,-0.5,0,-0.8
-0.0928265,-0.502028,0.23,0.08,-0.5,0,-0.5
-0.0928265,-0.502028,0.43,0.16,-0.5,0,-0.5
0.032532636000000004,-0.502028,0.43,0.16,-0.5,0,-0.2
-0.27594274,-0.502028,0.43,0.16,-0.5,0,0.6
-0.044883177,-0.502028,0.43,0.16,-0.5,0,0.6
0.4616929,-0.502028,0.43,0.16,-0.5,0,0.7
0.61163676,-0.502028,0.43,0.16,-0.5,0,0.5
0.61163676,-0.502028,0.17,0.04,-0.5,0,0.5
0.6452694999999999,0.0,0.17,0.04,0.16666666666666666,0,0.5
0.6452694999999999,0.0,0.03,-0.21,0.16666666666666666,0,0.4
-0.026661105,0.0,0.03,-0.21,0.16666666666666666,0,0.5
0.010970421,0.0,0.04,0.0,0.16666666666666666,0,0.3
0.13179603,0.0,0.04,0.0,0.16666666666666666,0,-0.2
0.13179603,0.0,0.06,0.43,0.16666666666666666,0,-0.2
0.029333219,0.0,0.06,0.43,0.16666666666666666,0,0.9
0.083748564,0.0,0.24,0.07,0.16666666666666666,0,0.3
0.083748564,0.0,0.47,0.18,0.16666666666666666,0,-0.4
0.65922886,0.0,0.47,0.18,0.16666666666666666,0,-0.3
0.4565621,0.0,0.47,0.18,0.16666666666666666,0,-0.5
0.4565621,0.0,0.05,-0.11,0.16666666666666666,0,-0.5
0.45113873,0.0,0.05,-0.11,0.325,0,-0.4
0.48628408,0.0,0.1,-0.04,0.325,0,-0.3
0.59383786,0.0,0.1,-0.04,0.325,0,-0.3
-0.08582662,0.0,0.1,-0.04,0.325,0,-0.7
-0.08582662,0.0,-0.14,-0.25,0.325,0,-0.7
0.28928676,0.0,-0.14,-0.25,0.325,0,-0.8
-0.1909509,0.0,-0.14,-0.25,0.325,0,-0.4
0.008237533,0.0,-0.14,-0.25,0.325,0,-0.4
0.008237533,0.0,0.39,0.1,0.325,0,-0.3
0.10059167,0.0,0.15,0.11,0.325,0,-0.3
0.3629791,0.0,0.15,0.11,0.325,0,-0.2
0.1538029,0.0,0.15,0.11,0.325,0,-0.2
0.1538029,0.0,0.34,0.05,0.325,0,-0.2
0.15879968,0.0,0.33,0.38,0.325,0,-0.2
0.006171111,0.0,0.33,0.38,0.325,0,-0.1
0.17462596,0.0,0.33,0.38,0.325,0,-0.3
0.17462596,0.0,0.33,0.38,0.11666666666666665,0,-0.4
0.17462596,0.0,0.23,-0.1,0.11666666666666665,0,-0.4
-0.1481275,0.0,0.23,-0.1,0.11666666666666665,0,-0.3
-0.1481275,0.0,0.28,0.08,0.11666666666666665,0,-0.4
-0.012476228,0.0,0.28,0.08,0.11666666666666665,0,-0.5
-0.012476228,0.0,0.33,0.08,0.11666666666666665,0,-0.5
0.12185479,0.0,0.33,0.08,0.11666666666666665,0,-0.5
-0.01735776,0.0,0.33,0.08,0.11666666666666665,0,-0.5
-0.01735776,0.0,0.2,0.02,0.11666666666666665,0,-0.5
-0.21120054,0.0,0.2,0.02,0.11666666666666665,0,-0.5
-0.21120054,0.0,0.19,0.04,0.11666666666666665,0,-0.5
-0.13744336,0.0,0.25,0.05,0.11666666666666665,0,-0.5
-0.11039260000000002,0.0,0.29,0.2,0.11666666666666665,0,-0.5
0.1558543,0.0,0.29,0.2,0.11666666666666665,0,-0.5
0.1558543,0.0,0.53,0.09,0.11666666666666665,0,-0.4
-0.03076785,0.0,0.53,0.09,0.11666666666666665,0,0.0
0.24347466,0.0,0.53,0.09,0.11666666666666665,0,-0.5
0.24347466,0.0,0.43,0.18,0.11666666666666665,0,-0.6
0.24347466,0.0,0.43,0.18,-0.6999999999999998,0,-0.6
0.06116436400000001,0.0,0.43,0.18,-0.6999999999999998,0,-0.6
0.06116436400000001,0.0,0.21,-0.12,-0.6999999999999998,0,-0.7
-0.1066739,0.0,0.21,-0.12,-0.6999999999999998,0,-0.7
-0.1066739,0.0,0.4,0.28,-0.6999999999999998,0,-0.4
-0.17563073,0.0,0.35,0.25,-0.6999999999999998,0,-0.4
-0.30386618,0.0,0.35,0.25,-0.6999999999999998,0,-0.3
-0.120297566,0.0,0.35,0.25,-0.6999999999999998,0,-0.5
-0.120297566,-0.628261,0.35,0.25,-0.6999999999999998,0,-0.5
-0.2025027,-0.566103,0.35,0.25,0.5,0,-0.4
-0.04020939,-0.566103,0.35,0.25,0.5,0,-0.4
0.46221432,-0.566103,0.35,0.25,0.5,0,-0.7
0.46221432,-0.566103,0.01,-0.28,0.5,0,-0.8
0.46221432,0.0,0.01,-0.28,0.5,0,-0.9
0.68519473,0.0,0.01,-0.28,0.5,0,-0.8
0.5717173000000001,0.0,0.01,-0.28,0.5,0,-1.0
0.5717173000000001,0.0,0.25,-0.07,0.5,0,-1.0
0.6142506999999999,0.0,0.26,0.06,0.5,0,-0.7
0.62972075,-0.5201140000000001,0.26,0.06,0.25,0,-0.3
0.62972075,-0.5201140000000001,0.05,-0.04,0.25,0,-0.3
0.025964744,-0.5201140000000001,0.05,-0.04,0.25,0,-0.3
0.025964744,-0.5201140000000001,0.05,-0.04,0.25,0,-0.3
0.12724134,-0.5201140000000001,0.05,-0.04,0.25,0,-0.3
0.5453053000000001,-0.5201140000000001,0.05,-0.04,0.25,0,-0.3
0.5453053000000001,-0.5201140000000001,-0.05,-0.0,0.25,0,-0.3
0.5453053000000001,0.0,-0.05,-0.0,0.08,0,-0.3
0.6235904000000001,0.0,-0.05,-0.0,0.08,0,-0.3
0.23051466,0.0,-0.05,-0.0,0.08,0,-0.3
0.5764097,0.0,-0.05,-0.0,0.08,0,-0.3
0.5764097,0.0,0.47,0.26,0.08,0,-0.3
0.10830371,0.0,0.47,0.26,0.08,0,-0.3
0.10830371,0.0,0.4,0.19,0.08,0,-0.3
-0.14930002,0.0,0.4,0.19,0.08,0,-0.3
-0.14930002,0.0,0.48,0.14,0.08,0,-0.3
-0.003047496,0.0,0.48,0.14,0.08,0,0.0
0.3216179,0.0,0.48,0.14,0.08,0,-0.3
0.6669154,0.0,0.48,0.14,0.08,0,-0.3
0.57294846,0.0,0.14,-0.04,0.08,0,-0.3
0.5946932,0.0,-0.06,-0.04,0.08,0,-0.3
0.46734777,0.0,-0.06,-0.04,0.08,0,-0.3
0.46734777,0.0,0.14,-0.16,0.08,0,-0.3
-0.10566723,0.0,0.14,-0.16,0.08,0,-0.3
-0.10566723,0.0,0.35,0.18,0.08,0,-0.3
0.49418217,0.0,0.35,0.18,0.08,0,-0.3
0.49418217,0.0,0.35,0.18,0.08,0,-0.3
0.5819803000000001,0.0,0.39,0.13,0.08,0,-0.3
0.68051547,0.0,0.39,0.13,0.08,0,-0.3
-0.2675318,0.0,0.39,0.13,0.08,0,-0.3
-0.18596314,0.0,0.31,0.05,0.08,0,-0.7
-0.18596314,0.0,0.31,0.05,0.08,0,-0.7
0.39705095,0.0,0.31,0.05,0.08,0,-0.7
-0.21223262,0.0,0.31,0.05,0.08,0,-0.9
-0.21223262,0.0,0.35,0.01,0.08,0,-0.7
-0.21223262,0.0,0.35,0.01,0.08,0,-0.7
0.60347277,0.0,0.35,0.01,0.08,0,-0.7
0.60347277,0.0,-0.03,-0.16,0.08,0,-0.7
0.6123905,0.0,0.34,0.01,0.08,0,-0.7
-0.13861947,0.0,0.34,0.01,0.08,0,-0.7
0.5227959,0.0,0.34,0.01,0.08,0,-0.7
0.5227959,0.0,0.2,-0.07,0.08,0,-0.7
0.6082086,0.0,0.3,0.23,0.08,0,-0.7
0.6092793000000001,0.0,0.3,0.23,0.0,0,-0.8
0.6092793000000001,0.0,0.46,0.67,0.0,0,-0.8
0.5267031,0.7278399999999999,0.46,0.67,0.25,0,-0.8
0.60260755,0.7278399999999999,-0.02,0.22,0.25,0,-0.8
0.6380858,0.7278399999999999,0.25,0.15,0.25,0,-0.8
0.6380858,0.7278399999999999,0.34,0.1,0.25,0,-0.7
0.6380858,0.7278399999999999,0.34,0.1,0.25,0,-0.7
0.43141028,0.7278399999999999,0.34,0.1,0.25,0,-0.7
0.68852335,0.7278399999999999,0.34,0.1,0.25,0,-0.7
0.68852335,0.7278399999999999,0.38,0.23,0.25,0,-0.7
0.2590568,0.7278399999999999,0.38,0.23,0.25,0,-0.7
0.2590568,0.7278399999999999,0.38,0.23,0.25,0,-0.6
-0.20078915,0.7278399999999999,0.38,0.23,0.25,0,-0.6
-0.20078915,0.7278399999999999,0.43,0.06,0.25,0,-0.6
0.6055606,0.7278399999999999,0.43,0.06,0.25,0,-0.6
0.43936166,0.7278399999999999,0.43,0.06,0.25,0,-0.6
0.58882725,0.7278399999999999,0.51,0.18,0.25,0,-0.5
-0.06464095,0.7278399999999999,0.51,0.18,0.25,0,-0.5
-0.06464095,0.7278399999999999,0.3,0.2,0.25,0,-0.5
0.6074002,0.7278399999999999,0.3,0.2,0.25,0,-0.6
0.5998489,0.7278399999999999,0.17,-0.01,0.25,0,-0.6
0.6056557,0.7278399999999999,0.44,0.25,0.25,0,-0.6
0.6388018,0.7278399999999999,0.3,0.09,0.25,0,-0.7
-0.29471365,0.7278399999999999,0.3,0.09,0.25,0,-0.8
-0.29471365,0.7278399999999999,0.39,0.11,0.25,0,-0.8
0.6225291000000001,0.7278399999999999,0.39,0.11,0.25,0,-0.8
0.6225291000000001,0.0,0.39,0.11,-0.6999999999999998,0,-0.8
0.5577291,0.0,0.2,0.04,-0.6999999999999998,0,-0.8
0.6633773000000001,0.0,0.2,0.04,-0.6999999999999998,0,-0.8
0.66517615,0.0,0.41,0.15,-0.6999999999999998,0,-0.8
-0.13628893,0.0,0.41,0.15,-0.6999999999999998,0,-0.9
-0.13628893,0.0,0.41,0.15,0.3,0,-0.9
-0.30639493,0.0,0.41,0.15,0.3,0,-0.9
-0.30639493,0.0,0.28,0.09,0.3,0,-0.9
-0.04282602,0.0,0.28,0.09,0.3,0,-0.9
0.61533177,0.0,0.28,0.09,0.3,0,-0.8
0.5879241,0.0,0.39,0.15,0.3,0,-0.8
0.552505,0.0,0.23,0.11,0.3,0,-0.9
-0.21197587,0.0,0.23,0.11,0.3,0,-0.9
0.011312149,0.0,0.23,0.11,0.3,0,-0.8
0.011312149,0.0,0.23,0.11,0.3,0,-0.8
0.3819671,0.0,0.23,0.11,0.3,0,-0.8
0.5523664,0.0,0.23,0.11,0.3,0,-0.8
0.5523664,0.0,0.23,0.06,0.3,0,-0.8
0.6065081,0.0,0.23,0.06,0.3,0,-0.8
0.56540835,0.0,0.23,0.06,-0.54,0,-0.8
0.6191840000000001,0.0,0.12,0.09,-0.54,0,-0.8
0.66275513,0.0,0.21,0.09,-0.54,0,-0.9
0.6963348,0.0,0.14,0.19,-0.54,0,-1.0
-0.015991502,0.0,0.14,0.19,-0.54,0,-1.0
-0.015991502,0.0,0.14,0.19,-0.54,0,-0.9
0.7043736999999999,0.0,0.14,0.19,-0.54,0,-0.8
0.7043736999999999,0.0,0.63,0.34,-0.54,0,-0.8
0.70465624,0.0,0.63,0.34,-0.54,0,-0.9
0.60871524,0.0,0.32,0.21,-0.54,0,-1.0
0.60871524,-0.672284,0.32,0.21,-0.54,0,-1.0
-0.20704406,-0.672284,0.32,0.21,-0.54,0,-1.0
0.16996084,-0.672284,0.32,0.21,-0.54,0,-1.0
0.16996084,-0.672284,0.26,0.13,-0.54,0,-1.0
0.64319324,-0.672284,0.26,0.13,-0.54,0,-1.0
-0.27023986,-0.672284,0.26,0.13,-0.54,0,-1.0
-0.19796133,-0.672284,-0.28,-0.01,-0.54,0,-0.9
-0.08588144,-0.672284,-0.28,-0.01,-0.54,0,-0.9
0.60126495,-0.672284,-0.28,-0.01,-0.54,0,-0.9
0.6931166999999999,-0.672284,0.16,-0.04,-0.54,0,-0.9
0.69695085,-0.672284,0.41,0.1,-0.54,0,-0.9
0.68986344,-0.672284,0.41,0.23,-0.54,0,-0.9
0.60262126,-0.672284,0.41,0.23,-0.54,0,-1.0
0.5297986,-0.672284,-0.38,-0.41,-0.54,0,-0.9
0.7115391,-0.672284,-0.38,-0.41,-0.54,0,-0.9
0.72155553,-0.672284,-0.38,-0.41,-0.54,0,-0.9
0.7135279,-0.672284,-0.38,-0.41,-0.54,0,-1.0
0.71874994,-0.672284,-0.38,-0.41,-0.54,0,-1.0
-0.09127557,-0.672284,-0.38,-0.41,-0.54,0,-1.0
-0.09127557,-0.931034,-0.38,-0.41,-1.0,0,-1.0
0.67009217,-0.931034,-0.38,-0.41,-1.0,0,-1.0
0.67009217,-0.5017510000000001,-0.38,-0.41,0.4,0,-1.0
0.70786434,-0.5017510000000001,0.38,0.17,0.4,0,-1.0
0.66330504,-0.5017510000000001,0.27,0.1,0.4,0,-0.9
0.6844161,-0.5017510000000001,0.31,0.08,0.4,0,-0.9
0.6757801999999999,-0.5017510000000001,0.3,0.09,0.4,0,-0.8
0.56007016,-0.5017510000000001,0.3,0.09,0.4,0,0.7
0.56007016,-0.5017510000000001,0.3,0.09,0.4,0,0.8
0.55054414,-0.5017510000000001,0.33,0.2,0.4,0,0.8
0.5804375,0.0,0.33,0.2,0.0,0,0.5
0.5804375,0.0,-0.04,0.05,0.0,0,-0.4
0.1403245,0.0,-0.04,0.05,0.0,0,0.0
0.1403245,0.0,-0.04,0.05,0.0,0,-0.5
0.6296841999999999,0.0,-0.04,0.05,0.0,0,-0.7
0.6746973,0.0,-0.04,0.05,0.0,0,-0.7
0.6671060000000001,0.0,-0.04,0.05,0.20000000000000004,0,0.4
0.5513209,0.0,-0.04,0.05,0.20000000000000004,0,0.3
0.5513209,0.0,-0.04,0.05,0.20000000000000004,0,0.3
0.022603087,0.0,-0.04,0.05,0.20000000000000004,0,0.5
0.72138363,0.0,-0.04,0.05,0.20000000000000004,0,0.5
0.72138363,0.0,0.33,0.17,0.20000000000000004,0,0.5
0.7129364,0.0,0.44,0.07,0.20000000000000004,0,0.2
0.61261636,0.0,0.44,0.07,0.20000000000000004,0,0.0
0.6365934,0.0,0.19,-0.04,0.20000000000000004,0,0.3
0.5607144000000001,0.0,0.1,0.13,0.20000000000000004,0,0.3
0.56058717,-0.582899,0.1,0.13,0.0,0,0.3
0.06103556,-0.582899,0.1,0.13,0.0,0,0.0
0.06103556,-0.582899,0.46,0.25,0.0,0,-0.5
0.6732296,-0.582899,0.46,0.25,0.0,0,0.0
0.34906518,-0.582899,0.46,0.25,0.0,0,-0.7
-0.0039843246,-0.582899,0.46,0.25,0.0,0,-0.8
0.68831474,-0.582899,0.46,0.25,0.0,0,-0.7
0.68831474,-0.582899,0.22,0.14,0.0,0,-0.8
0.46416807,-0.582899,0.22,0.14,0.0,0,-0.8
0.5496789000000001,-0.540367,0.22,0.14,0.0,0,-0.8
0.6808534,-0.540367,0.22,0.14,0.0,0,-0.8
-0.0753465,-0.540367,0.22,0.14,0.0,0,-0.8
0.20942186,-0.540367,0.22,0.14,0.0,0,-0.8
0.652578,-0.540367,0.22,0.14,0.0,0,-0.9
0.652578,-0.540367,0.08,0.12,0.0,0,-0.8
0.56052,-0.540367,0.08,0.12,0.0,0,-0.8
0.66327995,-0.540367,0.08,0.12,0.0,0,-0.8
0.7099217,-0.540367,0.08,0.12,0.0,0,-0.8
0.62274486,-0.540367,0.34,0.12,0.0,0,-0.7
0.64042395,-0.540367,0.16,0.07,0.0,0,-0.7
0.6194139,0.0,0.16,0.07,-0.6999999999999998,0,-0.7
0.6194139,0.0,0.1,0.09,-0.6999999999999998,0,-0.7
0.45218888,0.0,0.1,0.09,-0.6999999999999998,0,-0.6
-0.13570182,0.0,0.1,0.09,-0.6999999999999998,0,-0.7
-0.13570182,0.0,0.13,0.11,-0.6999999999999998,0,-0.7
0.7157425000000001,0.0,0.13,0.11,-0.6999999999999998,0,-0.7
0.7157425000000001,0.0,0.37,0.22,-0.6999999999999998,0,-0.4
0.64175415,0.0,0.19,-0.09,-0.6999999999999998,0,-0.6
0.6643879,0.0,0.25,-0.03,-0.6999999999999998,0,-0.6
0.6826949999999999,0.0,-0.11,-0.12,-0.6999999999999998,0,-0.6
0.35248998,0.0,-0.11,-0.12,-0.6999999999999998,0,-0.7
0.35248998,0.0,0.37,0.27,-0.6999999999999998,0,-0.7
0.04601407,0.0,0.37,0.27,-0.6999999999999998,0,-0.4
0.04601407,0.0,0.24,0.18,-0.6999999999999998,0,-0.3
0.61667746,0.0,0.24,0.18,-0.6999999999999998,0,-0.3
0.6129281999999999,0.763601,0.24,0.18,0.6111111111111109,0,-0.3
0.5887419,0.763601,0.21,0.09,0.6111111111111109,0,-0.2
-0.036761597,0.763601,0.21,0.09,0.6111111111111109,0,-0.3
-0.036761597,0.763601,0.2,0.05,0.6111111111111109,0,-0.3
0.100403085,0.763601,0.2,0.05,0.6111111111111109,0,-0.1
0.6721187,0.763601,0.2,0.05,0.6111111111111109,0,-0.3
-0.12665865,0.763601,0.2,0.05,0.6111111111111109,0,0.0
-0.09344463,0.763601,-0.02,-0.02,0.6111111111111109,0,0.0
0.12647536,0,-0.02,-0.02,0,0,0.0
