0.089364246,0.0,0.11,0.34,0.0,1,0.2
0.07252419,0.647651,0.11,0.34,0.43333333333333335,1,0.0
0.32759264,0.647651,0.11,0.34,0.43333333333333335,1,0.0
0.39144167,0.647651,0.24,0.42,0.43333333333333335,1,0.0
0.1689991,0.647651,0.24,0.42,0.43333333333333335,1,0.0
0.2734732,0.647651,0.24,0.42,0.43333333333333335,1,0.3
0.2734732,-0.728916,0.24,0.42,0.0,1,0.0
0.16174284,-0.728916,0.24,0.42,0.0,1,0.0
0.16174284,0.698892,0.24,0.42,0.2875,1,0.0
0.02444572,0.698892,0.24,0.42,0.2875,1,0.0
0.27727693,0.698892,0.24,0.42,0.2875,1,-0.4
0.27727693,-0.7115819999999999,0.24,0.42,0.475,1,-0.2
0.15172371,-0.7115819999999999,0.24,0.42,0.475,1,0.0
0.1842675,-0.7115819999999999,-0.04,0.23,0.475,1,-0.3
0.37568107,-0.7115819999999999,-0.04,0.23,0.475,1,0.0
0.07089576,-0.7115819999999999,-0.04,0.23,0.475,1,0.2
0.21142733,-0.7115819999999999,-0.04,0.23,0.475,1,0.3
0.29979223,0.8665010000000001,-0.04,0.23,0.2333333333333333,1,0.4
-0.018893167,0.8665010000000001,-0.04,0.23,0.2333333333333333,1,0.3
-0.0891784,0.514176,-0.04,0.23,-0.25,1,0.2
0.049568053,0.514176,-0.04,0.23,-0.25,1,0.0
-0.06591058,0.514176,-0.04,0.23,-0.25,1,0.0
-0.08002601599999999,0.514176,0.32,0.07,-0.25,1,0.1
-0.08002601599999999,0.514176,0.32,0.07,-0.25,1,0.0
0.04791721,0.514176,0.32,0.07,-0.25,1,0.0
0.008751817,0.757927,0.32,0.07,-0.25,1,0.0
0.008751817,0.757927,0.32,0.07,-0.25,1,0.0
0.3027615,0.757927,0.32,0.07,-0.25,1,0.0
0.3027615,0.0,0.32,0.07,0.6,1,0.0
0.23096652,0.0,0.21,0.59,0.6,1,0.0
0.23096652,0.0,0.21,0.59,0.6,1,0.0
0.5809214,0.0,0.21,0.59,0.6,1,0.0
0.5809214,0.0,0.17,0.24,0.6,1,0.0
0.57471484,0.0,0.17,0.24,0.6,1,0.0
0.57471484,0.0,0.17,0.24,0.6,1,0.0
0.52097213,0.0,0.17,0.24,0.6,1,0.0
0.36539108,0.0,0.17,0.24,0.6,1,0.0
0.12799221,0.0,0.17,0.24,0.6,1,0.0
0.050518706,0.637216,0.17,0.24,0.334,1,0.0
-0.026951991,0.637216,-0.02,0.34,0.334,1,0.0
-0.016740806,0.637216,0.01,-0.01,0.334,1,0.0
-0.08471839,0.637216,0.3,0.2,0.334,1,0.3
-0.05587127,0.637216,-0.05,0.29,0.334,1,0.3
-0.09735076,0.637216,0.24,0.22,0.334,1,0.3
-0.09173468,0.637216,0.31,0.19,0.334,1,0.2
-0.10853621,0.637216,0.12,0.24,0.334,1,0.4
-0.18799418,0.0,0.12,0.24,0.0,1,0.6
-0.17851694,0.0,0.26,0.3,0.0,1,0.6
-0.10126588,0.0,0.26,0.3,0.1416666666666667,1,0.5
0.46298084,0.0,0.26,0.3,0.1416666666666667,1,0.2
0.10186362,0.0,0.26,0.3,0.1416666666666667,1,0.3
0.041838177,0.0,0.18,0.25,0.1416666666666667,1,0.5
0.024066225,0.0,0.18,0.25,-0.265625,1,0.5
0.5127909,0.0,0.18,0.25,-0.265625,1,0.3
0.5127909,0.0,0.18,0.25,-0.265625,1,0.3
0.31708628,0.0,0.18,0.25,-0.265625,1,0.2
0.06808443,0.0,0.18,0.25,-0.265625,1,0.0
0.07077837,0.0,0.18,0.25,-0.265625,1,0.0
0.07077837,0.0,0.13,0.53,-0.265625,1,0.0
0.26379240000000004,0.0,0.13,0.53,-0.265625,1,0.0
-0.045468383,0.0,0.13,0.53,-0.265625,1,0.0
-0.045468383,0.782864,0.13,0.53,0.0,1,0.0
-0.045468383,0.782864,0.13,0.53,0.0,1,0.0
0.12739676,0.782864,0.13,0.53,0.0,1,0.0
0.53519416,0.782864,0.13,0.53,0.0,1,0.0
0.15002212,0.782864,0.13,0.53,0.0,1,0.3
0.15002212,0.782864,0.13,0.53,0.0,1,0.3
0.26242524,0.782864,0.13,0.53,0.0,1,0.3
0.26242524,-0.931034,0.13,0.53,0.0,1,0.4
0.18305106,0.0,0.13,0.53,0.375,1,0.3
0.24196765,0.0,0.13,0.53,0.375,1,0.2
0.11632495,0.0,0.13,0.53,0.375,1,0.0
0.21680601,0.0,0.13,0.53,0.375,1,0.0
0.21680601,0.0,0.1,0.57,0.375,1,0.0
0.099069715,0.0,0.1,0.57,0.375,1,0.0
0.099069715,0.0,0.1,0.57,0.375,1,0.0
-0.09074761,0.0,0.1,0.57,0.375,1,0.0
-0.09074761,0.0,0.1,0.57,0.375,1,0.0
0.30441293,0.0,0.1,0.57,0.375,1,0.0
0.25076479999999995,0.0,0.1,0.57,0.375,1,0.0
0.19633234,0.0,0.1,0.57,0.375,1,0.0
0.08887905,0.0,0.1,0.57,0.375,1,0.0
0.4793542000000001,0.0,0.1,0.57,0.375,1,0.0
0.4793542000000001,0.0,0.26,0.44,0.375,1,0.0
0.49780005,0.0,0.26,0.44,0.375,1,0.0
0.49780005,0.0,0.34,0.28,0.375,1,0.0
0.37032253,0.0,0.34,0.28,0.375,1,0.0
-0.009911254,0.0,0.34,0.28,0.375,1,0.0
-0.08313128,0.0,0.28,0.45,0.375,1,0.0
0.25530976,0.0,0.28,0.45,0.375,1,0.0
0.028073367,0.0,0.28,0.45,0.375,1,0.0
-0.019678392,-0.83998,0.28,0.45,0.0,1,0.0
0.34546843,-0.83998,0.28,0.45,0.0,1,0.0
0.34546843,0.0,0.28,0.45,0.0,1,0.0
0.13965353,0.0,0.28,0.45,0.0,1,0.0
-0.04467681,0.0,0.28,0.45,-1.8503717077085938e-17,1,0.0
-0.07694788,0.0,-0.29,-0.26,-1.8503717077085938e-17,1,0.2
-0.07694788,0.0,-0.29,-0.26,-1.8503717077085938e-17,1,0.2
0.35640466,0.0,-0.29,-0.26,-1.8503717077085938e-17,1,0.2
0.2790556,0.0,-0.29,-0.26,-1.8503717077085938e-17,1,0.0
0.14763048,0.0,-0.29,-0.26,-1.8503717077085938e-17,1,0.0
0.15478570000000005,0.0,-0.29,-0.26,-1.8503717077085938e-17,1,0.0
0.32361034,0.0,-0.29,-0.26,-1.8503717077085938e-17,1,0.0
0.24901454,0.0,-0.29,-0.26,-1.8503717077085938e-17,1,0.0
0.18942605,0.0,-0.29,-0.26,-1.8503717077085938e-17,1,0.0
0.31505102,0.0,-0.29,-0.26,-1.8503717077085938e-17,1,0.0
0.31505102,0.5290600000000001,-0.29,-0.26,0.15000000000000002,1,0.0
0.19284083,0.5290600000000001,-0.29,-0.26,0.15000000000000002,1,0.0
0.048258454000000006,0.5290600000000001,-0.29,-0.26,0.15000000000000002,1,0.0
0.048258454000000006,0.5290600000000001,-0.29,-0.26,0.15000000000000002,1,0.0
0.048258454000000006,0.5290600000000001,0.11,0.07,0.15000000000000002,1,0.0
0.15768696,0.5290600000000001,0.11,0.07,0.15000000000000002,1,0.0
0.18164054,0.5290600000000001,0.06,-0.12,0.15000000000000002,1,0.0
0.028309438,0.5290600000000001,0.06,-0.12,0.15000000000000002,1,-0.3
0.028309438,0.0,0.06,-0.12,0.6,1,-0.3
0.12278703,0.0,0.19,0.38,0.6,1,-0.5
0.2725485,0.0,0.19,0.38,0.6,1,-0.4
0.2725485,0.0,0.28,0.39,0.6,1,-0.4
0.08864987,0.0,0.28,0.39,0.6,1,0.0
0.08864987,-0.609058,0.28,0.39,-0.5,1,-0.4
0.11245387,-0.916667,0.28,0.39,0.0,1,-0.4
0.10761003,0.0,0.28,0.39,0.3861111111111111,1,-0.4
0.28184706,0.0,0.28,0.39,0.3861111111111111,1,-0.4
0.17469953,0.0,0.28,0.39,0.3861111111111111,1,-0.3
-0.03239327,0.0,0.28,0.39,0.3861111111111111,1,-0.2
-0.03239327,0.0,0.26,0.21,0.3861111111111111,1,0.0
0.15694946,0.0,0.26,0.21,0.3861111111111111,1,-0.2
0.184498,-0.813322,0.26,0.21,-0.2,1,-0.3
-0.025700688,-0.813322,0.26,0.21,-0.2,1,-0.3
-0.025700688,-0.813322,0.26,0.21,-0.2,1,-0.3
0.20398849,-0.813322,0.26,0.21,-0.2,1,-0.4
0.20398849,0.0,0.26,0.21,0.0,1,-0.4
0.15853891,0.0,0.26,0.21,0.0,1,-0.4
0.08962029,0.0,0.26,0.21,0.2,1,-0.3
0.22140379,0.0,0.26,0.21,0.2,1,-0.3
0.22140379,0.0,0.26,0.21,0.0,1,-0.3
0.12310316,0.0,0.39,0.28,0.0,1,-0.3
0.12310316,0.0,0.39,0.28,0.08,1,-0.1
-0.010384239,0.0,0.39,0.28,0.08,1,0.0
-0.010384239,0.0,0.29,0.42,0.08,1,0.0
-0.046947196,0.0,0.34,0.27,0.08,1,0.0
0.08225462,0.0,0.34,0.27,0.08,1,0.0
0.07991263,0.0,0.16,0.43,0.08,1,0.0
-0.045680113,0.0,0.16,0.43,0.08,1,0.0
-0.16246344,0.0,0.16,0.43,0.08,1,0.0
-0.16246344,0.638245,0.16,0.43,0.08,1,0.0
0.04091859,0.638245,0.16,0.43,0.08,1,0.0
0.04091859,0.638245,0.24,0.34,0.08,1,0.0
0.23192047,0.638245,0.24,0.34,0.08,1,0.0
0.110854864,0.638245,0.24,0.34,0.08,1,0.0
0.12495609,0.702754,0.24,0.34,0.6,1,0.0
0.017015167,0.702754,0.24,0.34,0.6,1,0.0
0.017015167,0.0,0.24,0.34,0.23666666666666664,1,0.0
-0.088604495,0.0,0.24,0.34,0.23666666666666664,1,0.0
-0.044188544,0.0,0.26,0.37,0.23666666666666664,1,0.0
0.06946609,0.0,0.26,0.37,0.23666666666666664,1,0.0
-0.12299761,0.0,0.26,0.37,0.23666666666666664,1,0.0
-0.013493717,0.0,0.26,0.37,0.23666666666666664,1,0.0
0.20367126,0.0,0.26,0.37,0.23666666666666664,1,0.3
0.05115012,0.0,0.26,0.37,0.23666666666666664,1,0.3
0.05115012,0.0,0.01,0.35,0.23666666666666664,1,0.3
0.17523475,0.0,0.01,0.35,0.23666666666666664,1,0.3
0.056842066,0.0,0.01,0.35,0.23666666666666664,1,0.0
0.056842066,0.0,0.12,0.49,0.23666666666666664,1,0.0
0.14119232,0.0,-0.0,0.01,0.23666666666666664,1,0.0
0.18212536,0.0,-0.0,0.01,0.23666666666666664,1,0.0
0.4295533,0.0,-0.0,0.01,0.23666666666666664,1,0.0
0.20919776,0.0,-0.0,0.01,0.23666666666666664,1,0.0
0.20919776,0.0,-0.0,0.01,0.23666666666666664,1,0.2
-0.12572356,0.0,-0.0,0.01,0.23666666666666664,1,0.3
0.34124854,0.0,-0.0,0.01,0.23666666666666664,1,0.4
0.34124854,0.0,0.28,0.34,0.23666666666666664,1,0.4
0.4476648,0.0,0.28,0.34,0.23666666666666664,1,0.0
0.42199582,0.0,0.23,0.16,0.23666666666666664,1,0.4
0.023433436,0.0,0.23,0.16,0.23666666666666664,1,0.5
0.23131719,0.0,0.23,0.16,0.23666666666666664,1,0.5
0.010601573,0.0,0.23,0.16,0.23666666666666664,1,0.3
-0.09248741,0.0,0.23,0.16,0.23666666666666664,1,0.3
0.15286645,0.0,0.23,0.16,0.23666666666666664,1,0.3
0.15286645,0.0,0.23,0.16,0.23666666666666664,1,0.4
0.009180367,0.0,0.23,0.16,0.23666666666666664,1,0.4
0.41345143,0.0,0.23,0.16,0.23666666666666664,1,0.5
0.24017018,0.0,0.23,0.16,0.23666666666666664,1,0.6
0.38528034,0.0,0.23,0.16,0.23666666666666664,1,0.6
0.38528034,0.0,0.23,0.16,0.23666666666666664,1,0.5
0.16361104,0.0,0.23,0.16,0.23666666666666664,1,0.5
0.16361104,0.0,0.09,0.21,0.23666666666666664,1,0.0
0.12770587,0.0,0.09,0.21,0.23666666666666664,1,0.2
0.12284347,0.0,0.03,0.02,0.23666666666666664,1,0.0
0.2284478,0.0,0.03,0.02,0.23666666666666664,1,0.0
0.2083845,0,0.03,0.02,0,1,0.0
0.2083845,0,0.16,0.13,0,1,0.0
0.1665524,0,0,0,0,1,0.0
0.56929404,0,0,0,0,1,0.0
0.19008523,-0.637374,0.1,0.03,0.15625,0,0.3
0.19008523,-0.637374,-0.05,-0.01,0.15625,0,0.0
0.30583516,-0.637374,-0.05,-0.01,0.15625,0,0.5
0.30583516,-0.637374,0.07,0.03,0.15625,0,0.0
0.11682151,-0.637374,0.07,0.03,0.15625,0,0.4
0.11682151,-0.637374,0.1,0.21,0.15625,0,0.2
0.23916349,-0.637374,0.1,0.21,0.15625,0,0.2
0.23916349,-0.637374,0.1,0.21,0.15625,0,0.0
0.40660018,-0.637374,0.1,0.21,0.15625,0,0.0
0.22995153,-0.637374,0.1,0.21,0.15625,0,0.0
-0.05117728,-0.637374,0.24,0.17,0.15625,0,0.0
-0.05117728,-0.637374,0.24,0.17,0.15625,0,0.0
0.4113833,-0.637374,0.24,0.17,0.15625,0,0.2
0.4113833,-0.637374,0.08,-0.04,0.15625,0,0.3
0.28077653,-0.637374,0.08,-0.04,0.15625,0,0.3
-0.06818741,-0.637374,0.08,-0.04,0.15625,0,0.3
-0.06818741,-0.637374,0.16,-0.13,0.15625,0,0.5
0.1265631,-0.637374,0.16,-0.13,0.15625,0,0.3
0.3070611,-0.637374,0.16,-0.13,0.15625,0,0.2
0.05330552,-0.637374,0.16,-0.13,0.15625,0,0.0
0.05330552,-0.637374,-0.17,0.31,0.15625,0,0.0
0.3544353,-0.637374,-0.17,0.31,0.15625,0,0.0
0.3544353,-0.637374,0.05,-0.06,0.15625,0,0.0
0.3544353,-0.637374,0.17,-0.16,0.15625,0,0.0
0.56626695,-0.637374,0.17,-0.16,0.15625,0,0.0
0.29019058,-0.637374,0.17,-0.16,0.15625,0,0.0
0.29019058,-0.637374,0.0,-0.11,0.15625,0,0.0
0.23719233,-0.637374,0.26,0.1,0.15625,0,0.0
0.39177123,-0.637374,0.26,0.1,0.15625,0,0.0
0.39177123,-0.637374,0.12,-0.16,0.15625,0,0.0
0.06962011,-0.637374,0.12,-0.16,0.15625,0,0.0
0.4327376,-0.637374,0.12,-0.16,0.15625,0,0.0
0.4327376,-0.637374,0.17,0.25,0.15625,0,0.0
0.29091543,-0.637374,0.17,0.25,0.15625,0,0.0
0.6547175000000001,-0.637374,0.17,0.25,0.15625,0,-0.3
0.6547175000000001,-0.637374,0.24,0.05,0.15625,0,-0.2
0.5383439999999999,-0.637374,0.24,0.05,0.15625,0,-0.2
0.6393118,-0.637374,0.24,0.05,0.15625,0,-0.2
0.48048726,-0.637374,0.24,0.05,0.15625,0,-0.1
0.48048726,-0.637374,0.21,0.14,0.15625,0,0.0
0.34091166,-0.637374,0.21,0.14,0.15625,0,0.0
0.14642712,-0.637374,0.21,0.14,0.15625,0,0.0
0.039527427,-0.637374,0.21,0.14,0.15625,0,0.0
0.1538267,-0.637374,0.21,0.14,0.15625,0,0.0
0.31396917,-0.637374,0.21,0.14,0.15625,0,0.0
0.18165845,-0.637374,0.21,0.14,0.15625,0,0.0
0.18165845,0.0,0.21,0.14,0.0,0,0.0
0.18165845,0.0,0.27,0.17,0.0,0,0.0
0.10056803,0.0,0.27,0.17,-0.30625,0,0.0
0.20274422,0.0,0.27,0.17,-0.30625,0,0.0
0.029836174,0.0,0.27,0.17,-0.30625,0,0.0
0.16213235,0.0,0.27,0.17,-0.30625,0,0.0
0.16213235,0.0,0.31,0.22,-0.30625,0,0.0
0.16213235,-0.664493,0.31,0.22,0.5,0,0.0
-0.0619265,-0.664493,0.31,0.22,0.5,0,0.0
0.05179865,-0.664493,0.31,0.22,0.5,0,0.0
0.05179865,0.558293,0.31,0.22,0.8,0,0.0
0.05179865,-0.524223,0.31,0.22,0.0,0,0.0
-0.053564742,-0.524223,0.31,0.22,0.0,0,0.0
0.056498505,-0.524223,0.31,0.22,0.0,0,-0.3
0.056498505,-0.524223,0.21,0.12,0.0,0,-0.3
-0.10309425,-0.524223,0.21,0.12,0.0,0,-0.3
-0.10309425,0.559447,0.21,0.12,0.175,0,-0.3
0.06816011,0.559447,0.21,0.12,0.175,0,-0.4
-0.23736820000000006,0.559447,0.21,0.12,0.175,0,-0.3
0.23325375,0.559447,0.21,0.12,0.175,0,-0.2
-0.108100265,0.559447,0.21,0.12,0.175,0,-0.2
-0.108100265,-0.5149100000000001,0.21,0.12,0.05000000000000002,0,0.0
-0.06437331,-0.5149100000000001,0.11,0.07,0.05000000000000002,0,0.0
-0.13546789999999995,-0.6141939999999999,0.11,0.07,0.21666666666666667,0,0.2
-0.09992921,-0.6141939999999999,0.13,0.04,0.21666666666666667,0,0.0
-0.06880884599999999,-0.6141939999999999,0.23,0.25,0.21666666666666667,0,0.0
-0.015820518000000002,-0.6141939999999999,0.27,0.17,0.21666666666666667,0,0.0
-0.20192724,-0.6141939999999999,0.27,0.17,0.21666666666666667,0,0.0
-0.07080616,-0.6141939999999999,0.27,0.17,0.21666666666666667,0,0.0
-0.010484405,-0.6141939999999999,0.32,0.27,0.21666666666666667,0,0.0
-0.08447915,-0.6141939999999999,0.24,0.34,0.21666666666666667,0,0.0
0.47436935,-0.6141939999999999,0.24,0.34,0.21666666666666667,0,0.0
0.04915193,-0.6141939999999999,0.24,0.34,0.21666666666666667,0,0.0
0.052645903,-0.6141939999999999,0.07,0.07,0.21666666666666667,0,0.0
-0.047419436,-0.6141939999999999,0.07,0.07,0.21666666666666667,0,0.0
-0.13179025,0.0,0.07,0.07,0.2222222222222222,0,0.0
-0.17200539999999995,0.0,0.07,0.07,0.0,0,0.0
-0.06327357,0.0,0.07,0.07,0.0,0,0.0
-0.06327357,0.0,0.23,0.26,0.0,0,0.0
-0.13223381,0.0,0.26,0.17,0.0,0,0.0
-0.10625,-0.636667,0.26,0.17,-0.07777777777777779,0,0.0
-0.08314505,-0.636667,0.3,0.11,-0.07777777777777779,0,-0.3
-0.09086493,-0.566092,0.3,0.11,0.0,0,-0.3
-0.091073826,-0.566092,0.33,0.22,0.0,0,-0.2
-0.020556726,-0.566092,-0.01,-0.13,0.0,0,-0.2
0.031501234,-0.566092,0.31,0.21,0.0,0,-0.2
0.2009157,-0.566092,0.31,0.21,0.0,0,0.0
0.2009157,-0.566092,0.08,0.02,0.0,0,0.0
0.35364556,-0.566092,0.08,0.02,0.0,0,0.0
0.25229952,-0.566092,0.08,0.02,0.0,0,0.0
0.25229952,0.506147,0.08,0.02,0.0,0,0.0
-0.05157107,0.506147,0.08,0.02,0.0,0,0.0
-0.05157107,0.0,0.08,0.02,0.01964285714285714,0,0.0
0.48324558,0.0,0.08,0.02,0.01964285714285714,0,0.0
-0.030964471,0.0,0.08,0.02,0.01964285714285714,0,0.0
0.23200335,0.0,0.08,0.02,0.01964285714285714,0,0.0
0.055517137,0.0,0.08,0.02,0.01964285714285714,0,0.0
0.051419646,0.0,0.27,0.24,0.01964285714285714,0,0.0
0.029440967,0.0,0.02,0.1,0.01964285714285714,0,0.0
0.055326223,0.534565,0.02,0.1,-0.125,0,-0.4
0.1119255,0.534565,0.24,0.22,-0.125,0,-0.4
0.06059149,0.534565,0.23,0.09,-0.125,0,-0.4
0.25191820000000004,0.534565,0.23,0.09,-0.125,0,-0.4
0.010907933,0.534565,0.23,0.09,-0.125,0,-0.3
0.32091695,0.534565,0.23,0.09,-0.125,0,-0.2
0.07267672,0.534565,0.23,0.09,-0.125,0,-0.2
0.07267672,0.534565,0.22,0.19,-0.125,0,-0.2
0.07267672,0.0,0.22,0.19,-0.125,0,-0.2
-0.022042744,0.0,0.23,0.19,-0.125,0,-0.2
-0.07431938,0.0,0.13,0.43,-0.125,0,-0.3
-0.07431938,0.0,0.13,0.43,0.25,0,-0.3
0.16052562,0.0,0.13,0.43,0.25,0,-0.2
0.16052562,0.0,0.35,0.4,0.25,0,0.0
0.16052562,0.0,0.35,0.4,-0.4,0,0.0
0.32627094,0.0,0.35,0.4,-0.4,0,0.0
0.32627094,-0.619671,0.35,0.4,-0.4,0,0.0
0.42929855,-0.619671,0.35,0.4,-0.4,0,0.0
0.42929855,-0.619671,0.35,0.4,0.0,0,0.0
0.42929855,0.0,0.35,0.4,0.0,0,0.0
0.074040085,0.0,0.35,0.4,0.0,0,0.0
0.00682107,0.0,0.22,0.21,0.0,0,0.0
-0.19733605,0.0,0.22,0.21,0.0,0,0.0
-0.0960556,0.0,0.22,0.21,0.0,0,0.0
0.35708618,0.0,0.22,0.21,0.0,0,0.2
0.22104256,0.0,0.22,0.21,0.0,0,0.2
0.35537156,0.0,0.22,0.21,0.0,0,0.2
0.32321474,0.0,0.22,0.21,-0.2916666666666667,0,0.0
0.1227671,0.0,0.22,0.21,-0.2916666666666667,0,0.0
0.28770486,0.0,0.22,0.21,-0.2916666666666667,0,0.0
0.13678575,0.0,0.22,0.21,-0.2916666666666667,0,0.0
0.31958914,0.0,0.22,0.21,-0.2916666666666667,0,0.0
0.36383146,0.0,0.22,0.24,-0.2916666666666667,0,0.0
-0.010701731,0.0,0.22,0.24,-0.2916666666666667,0,0.0
0.110832356,0.0,0.22,0.24,-0.2916666666666667,0,0.0
0.011513017,0.0,0.22,0.24,-0.3333333333333333,0,0.0
-0.05713815200000001,0.0,0.23,0.27,-0.3333333333333333,0,0.0
0.046761267,0.0,0.23,0.27,-0.3333333333333333,0,0.0
0.001243934,0.0,0.23,0.27,0.0,0,0.0
0.038084675,0.0,0.23,0.27,-0.1,0,0.0
0.032483764,0.0,0.29,0.22,-0.1,0,0.0
-0.004805431,0.0,0.22,0.09,-0.1,0,0.0
-0.062329397,0.0,0.22,0.09,-0.2,0,-0.3
-0.073218256,0.0,0.27,0.2,-0.2,0,-0.3
-0.10455884,0.0,0.27,0.2,-0.015873015873015872,0,-0.4
0.016553613999999998,0.0,0.27,0.2,-0.015873015873015872,0,-0.5
-0.08402774,0.0,0.27,0.2,-0.015873015873015872,0,-0.5
0.0343821,0.0,0.27,0.2,-0.015873015873015872,0,-0.5
-0.10715142,0.0,0.27,0.21,-0.015873015873015872,0,-0.2
-0.063326344,0.0,0.27,0.21,0.0,0,0.0
-0.063326344,-0.684335,0.27,0.21,0.0,0,0.0
-0.14465503,-0.684335,-0.01,-0.05,0.0,0,0.0
-0.004858728499999999,-0.684335,-0.01,-0.05,0.0,0,0.0
-0.013817258,-0.684335,-0.01,-0.05,-0.10000000000000002,0,0.0
-0.013817258,-0.687684,-0.01,-0.05,-0.10000000000000002,0,0.0
-0.100831956,-0.687684,0.41,0.53,-0.10000000000000002,0,0.0
0.012331687,-0.687684,0.41,0.53,-0.10000000000000002,0,0.0
0.012331687,-0.687684,0.25,0.32,-0.10000000000000002,0,0.0
-0.013149515,-0.687684,0.19,0.19,-0.10000000000000002,0,0.0
0.039744623,-0.687684,0.2,0.48,-0.10000000000000002,0,-0.2
0.20740539,-0.687684,0.2,0.48,-0.10000000000000002,0,-0.2
0.20740539,-0.687684,0.24,0.36,-0.10000000000000002,0,0.0
0.024304472,-0.687684,0.24,0.36,-0.10000000000000002,0,0.0
0.19433118,-0.687684,0.24,0.36,-0.10000000000000002,0,0.0
0.0084894225,-0.687684,0.24,0.36,-0.10000000000000002,0,0.0
0.17593828,-0.687684,0.24,0.36,-0.10000000000000002,0,0.0
0.20775597,-0.687684,0.32,0.47,-0.10000000000000002,0,0.0
0.09542986,-0.687684,0.32,0.47,-0.10000000000000002,0,-0.2
0.09542986,-0.687684,0.14,0.24,-0.10000000000000002,0,-0.3
0.30313432,-0.687684,0.14,0.24,-0.10000000000000002,0,-0.3
0.21542016,-0.687684,0.14,0.24,0.325,0,-0.25
0.21542016,-0.571009,0.14,0.24,0.325,0,-0.2
0.16339889,-0.571009,0.37,0.48,0.325,0,-0.2
0.5517401,-0.571009,0.37,0.48,0.325,0,0.0
0.55392575,-0.571009,-0.0,-0.02,0.325,0,0.0
0.29408163,-0.571009,-0.0,-0.02,0.325,0,0.0
0.17471652,-0.571009,-0.0,-0.02,0.325,0,0.0
0.04524599,-0.571009,-0.0,-0.02,0.325,0,0.0
0.0176095,-0.571009,0.35,0.48,0.325,0,-0.3
0.0176095,-0.571009,0.35,0.48,0.0,0,-0.2
0.06784626,-0.598785,0.35,0.48,0.0,0,-0.2
0.06784626,-0.598785,0.16,0.27,0.0,0,-0.2
0.06333331,0.0,0.16,0.27,0.0,0,-0.2
0.005408499399999999,0.0,0.16,0.27,0.05,0,0.0
-0.103576735,0.0,0.16,0.27,0.05,0,0.0
-0.103576735,0.0,0.16,0.32,0.05,0,0.0
0.009473484,0.0,0.16,0.32,0.05,0,0.0
0.012030244,0.0,0.01,-0.03,0.05,0,0.0
0.1840122,0.0,0.01,-0.03,0.05,0,0.0
-0.03724335,0.0,0.01,-0.03,0.05,0,0.0
-0.03724335,0.0,0.33,0.59,0.05,0,0.0
0.05739972700000001,0.0,0.34,0.55,0.05,0,0.0
0.21339326,0.0,0.34,0.55,0.05,0,0.0
0.08362584,0.0,0.34,0.55,0.05,0,0.0
0.08362584,0.0,0.34,0.55,-0.04999999999999999,0,0.0
0.08362584,-0.892333,0.34,0.55,-0.04999999999999999,0,0.0
0.17799762,-0.892333,0.27,0.21,-0.04999999999999999,0,0.0
-0.051504895,-0.892333,0.27,0.21,-0.04999999999999999,0,0.0
0.076639816,-0.892333,0.27,0.21,-0.04999999999999999,0,0.0
0.076639816,-0.892333,0.27,0.21,0.14285714285714285,0,0.0
0.076639816,-0.844089,0.27,0.21,0.14285714285714285,0,0.0
0.24591133,-0.844089,0.27,0.21,0.14285714285714285,0,0.0
-0.052409895,-0.844089,0.27,0.21,0.14285714285714285,0,0.0
-0.052409895,-0.844089,0.27,0.21,-0.1,0,0.0
-0.052409895,0.0,0.27,0.21,-0.1,0,0.0
0.0760753,0.0,0.27,0.21,-0.1,0,0.0
0.0760753,0.0,0.25,0.63,-0.1,0,0.0
0.17118818,0.0,0.25,0.63,0.0,0,0.0
0.023945916,0.0,0.25,0.63,0.0,0,0.0
0.023945916,0.595687,0.25,0.63,0.0,0,0.0
0.07497452,0.0,0.25,0.63,0.0,0,0.0
-0.05770107400000001,0.0,0.25,0.63,0.0,0,0.2
-0.05770107400000001,0.0,0.21,-0.05,0.0,0,0.3
0.17869174,0.0,0.21,-0.05,0.0,0,0.0
0.17869174,0.0,0.21,-0.05,0.25,0,0.3
0.17869174,-0.572092,0.21,-0.05,0.25,0,0.3
0.41202173,-0.572092,0.21,-0.05,0.25,0,0.0
0.04347039,-0.572092,0.21,-0.05,0.25,0,0.3
0.04347039,-0.572092,0.28,0.16,0.25,0,0.3
0.19550034,-0.572092,0.28,0.16,0.25,0,0.3
-0.13228557,-0.572092,0.28,0.16,0.25,0,0.3
-0.068628795,-0.572092,0.0,0.07,0.25,0,0.3
-0.010053664,-0.572092,0.34,0.54,0.25,0,0.2
-0.11061816,-0.572092,0.34,0.54,0.25,0,0.0
-0.11061816,-0.572092,0.28,0.2,0.25,0,0.0
-0.009311803,-0.572092,0.28,0.2,0.25,0,0.0
0.008944549,-0.572092,0.28,0.2,0.0,0,0.0
0.008944549,0.0,0.28,0.2,0.0,0,0.0
0.12072545,0.0,0.28,0.2,0.0,0,0.0
-0.046803802,0.0,0.28,0.2,0.0,0,0.0
-0.063951544,0.0,0.28,0.2,0.5,0,0.0
-6.0617924e-05,0.0,0.17,0.15,0.5,0,0.0
-6.0617924e-05,0.756758,0.17,0.15,0.5,0,0.0
-0.013829708,0.756758,0.16,0.01,0.5,0,-0.3
0.21550225,0.756758,0.16,0.01,0.5,0,-0.2
0.21550225,0.756758,0.2,0.17,0.5,0,0.0
0.43867287,0.756758,0.2,0.17,0.5,0,0.0
0.43867287,0.756758,0.2,0.17,0.171875,0,0.0
0.43867287,0.0,0.2,0.17,0.171875,0,0.0
0.43867287,0.0,0.27,0.23,0.171875,0,0.0
0.24553178,0.0,0.27,0.23,0.171875,0,0.0
-0.1256448,0.0,0.27,0.23,0.171875,0,0.0
-0.1256448,0.0,0.16,-0.02,0.171875,0,0.0
0.31797227,0.0,0.16,-0.02,0.171875,0,0.0
0.19373411,0.0,0.16,-0.02,0.171875,0,0.0
0.19373411,0.0,0.16,-0.02,0.175,0,0.0
-0.04948067,0.0,0.16,-0.02,0.175,0,0.0
0.08404890400000001,0.0,0.16,-0.02,0.175,0,0.0
0.11821388,0.0,0.21,0.05,0.175,0,0.0
0.11821388,0.0,0.21,0.05,-0.18333333333333332,0,0.0
0.42368355,0.0,0,0,-0.18333333333333332,0,0.0
0.12318901,0.0,0,0,-0.18333333333333332,0,0.0
0.64415425,0.51398,0.31,0.8,0.0,0,0.3
0.64415425,0.51398,0.16,0.46,0.0,0,0.4
0.49173424,0.51398,0.16,0.46,0.0,0,0.5
0.49173424,-0.565114,0.16,0.46,-0.22,0,0.5
0.19177246,-0.565114,0.16,0.46,-0.22,0,0.4
0.19177246,-0.565114,0.16,0.46,-0.22,0,0.0
0.19177246,-0.565114,0.16,0.46,-0.22,0,0.0
0.58440685,-0.565114,0.16,0.46,-0.22,0,0.0
0.58440685,-0.565114,0.32,0.9,-0.22,0,0.0
0.2676955,-0.565114,0.32,0.9,-0.22,0,0.0
-0.06979221,-0.565114,0.32,0.9,-0.22,0,0.0
0.40145117,-0.565114,0.32,0.9,-0.22,0,-0.3
0.40145117,0.0,0.32,0.9,0.0,0,-0.2
0.52524537,0.0,0.32,0.9,0.0,0,-0.15000000000000002
0.52524537,0.69305,0.32,0.9,0.7,0,0.0
0.399804,0.69305,0.32,0.9,0.7,0,0.0
0.399804,0.69305,0.39,0.77,0.7,0,0.0
0.5444598,0.69305,0.39,0.77,0.7,0,0.0
0.5444598,0.0,0.39,0.77,0.5,0,0.0
0.5444598,0.0,0.2,0.66,0.5,0,0.0
0.38263538,0.0,0.2,0.66,0.5,0,0.05
0.41955328,0.0,0.2,0.66,0.5,0,0.3
0.5257076,0.0,0.2,0.66,0.5,0,0.3
0.46525705,0.0,0.2,0.66,0.5,0,0.4
0.32525605,0.0,0.2,0.66,0.5,0,0.3
0.46376204,0.0,0.2,0.66,0.5,0,0.2
0.2733935,0.0,0.2,0.66,0.5,0,0.0
0.2733935,0.0,0.2,0.66,0.5,0,0.0
0.2733935,0.0,0.2,0.66,-0.16999999999999998,0,0.0
-0.1730454,0.0,0.2,0.66,-0.16999999999999998,0,0.0
-0.1730454,-0.531904,0.2,0.66,0.09999999999999998,0,0.0
0.2995851,-0.531904,0.2,0.66,0.09999999999999998,0,0.0
0.2995851,-0.531904,0.29,0.68,0.09999999999999998,0,0.0
-0.072898954,-0.531904,0.29,0.68,0.09999999999999998,0,0.0
0.02157858,0.0,0.29,0.68,0.13,0,0.0
0.23558466,0.0,0.29,0.68,0.13,0,0.0
0.14281887,0.0,0.32,0.81,0.13,0,0.0
0.27524656,0.0,0.32,0.81,0.13,0,0.0
0.29277113,-0.721529,0.32,0.81,0.0,0,0.0
0.29277113,-0.721529,0.32,0.81,-0.15000000000000002,0,0.0
0.17028429,-0.721529,0.32,0.81,-0.15000000000000002,0,0.0
0.17028429,-0.583939,0.32,0.81,-1.0,0,0.0
0.17028429,-0.583939,0.32,0.81,-1.0,0,0.0
0.036458099999999986,-0.583939,0.32,0.81,-1.0,0,0.0
0.22765845,-0.583939,0.32,0.81,-1.0,0,0.0
0.07545466,-0.583939,0.32,0.81,-1.0,0,0.0
0.07545466,-0.583939,0.32,0.81,-1.0,0,0.0
0.07545466,-0.583939,0.29,0.81,-1.0,0,0.0
0.025857385,-0.520987,0.29,0.81,-0.22499999999999992,0,-0.4
0.35583004,-0.520987,0.29,0.81,-0.22499999999999992,0,-0.2
0.10940084,-0.520987,0.29,0.81,-0.22499999999999992,0,-0.2
0.2164206,-0.520987,0.29,0.81,-0.22499999999999992,0,-0.2
0.2164206,0.0,0.29,0.81,0.0,0,-0.1
0.36241892,0.0,0.29,0.81,0.0,0,-0.2
0.36776572,0.0,0.52,0.67,0.0,0,-0.2
0.5271869,0.0,0.52,0.67,0.0,0,-0.1
0.21653105,0.0,0.52,0.67,0.0,0,0.0
0.21653105,0.0,0.4,0.86,0.0,0,0.0
0.32080683,0.0,0.4,0.86,0.0,0,0.0
0.3404571,-0.7056020000000001,0.4,0.86,0.0,0,0.0
0.3404571,-0.7056020000000001,0.42,0.74,0.0,0,0.0
0.29763117,0.91266,0.42,0.74,0.55,0,0.0
-0.03235784,0.91266,0.42,0.74,0.55,0,0.0
0.50372624,0.91266,0.42,0.74,0.55,0,0.0
-0.03085354,0.91266,0.42,0.74,0.55,0,0.0
-0.15007924,0.91266,0.42,0.74,0.55,0,0.0
-0.12884547,0.91266,0.42,0.85,0.55,0,0.0
-0.14001827,0.0,0.42,0.85,0.0,0,0.0
0.039239764,0.0,0.42,0.85,0.0,0,0.0
0.039239764,0.0,0.32,0.52,0.0,0,0.0
-0.20323181,0.0,0.32,0.52,0.0,0,0.0
-0.20323181,0.52042,0.32,0.52,0.35,0,0.0
-0.043883897000000005,0.52042,0.32,0.52,0.35,0,0.0
0.0030289515999999995,-0.769571,0.32,0.52,-0.07500000000000001,0,0.0
0.0044275112,0.0,0.32,0.52,0.0,0,0.0
-0.012698099,-0.7520319999999999,0.32,0.52,-0.12999999999999998,0,0.0
0.023695558,-0.7520319999999999,0.37,0.67,-0.12999999999999998,0,0.0
0.023695558,-0.7520319999999999,0.37,0.67,-0.12999999999999998,0,0.0
0.6710298000000001,-0.7520319999999999,0.37,0.67,-0.12999999999999998,0,0.0
0.6710298000000001,-0.7520319999999999,0.42,0.96,-0.12999999999999998,0,0.0
0.281641,-0.7520319999999999,0.42,0.96,-0.12999999999999998,0,0.0
0.30386484,-0.7520319999999999,0.42,0.96,-0.12999999999999998,0,0.0
0.30386484,0.0,0.42,0.96,0.017685185185185182,0,0.0
-0.16398633,0.0,0.42,0.96,0.017685185185185182,0,0.0
-0.030396976000000006,0.0,0.42,0.96,0.017685185185185182,0,0.0
-0.030396976000000006,0.0,0.38,0.44,0.017685185185185182,0,0.0
-0.14751168,0.0,0.38,0.44,0.017685185185185182,0,0.0
0.043590486,0.0,0.38,0.44,0.017685185185185182,0,0.0
0.092662156,0.0,0.35,0.83,0.017685185185185182,0,0.0
-0.015923172,0.0,0.35,0.83,0.017685185185185182,0,0.0
0.04672006,0.0,0.23,0.6,0.017685185185185182,0,0.0
-0.02065903,0.0,0.28,0.49,0.017685185185185182,0,-0.3
-0.02065903,-0.507572,0.28,0.49,-0.6999999999999998,0,-0.3
0.022712287,0.0,0.28,0.49,0.0,0,-0.2
-0.00082878023,0.0,0.2,0.52,0.0,0,0.0
0.17150913,0.0,0.2,0.52,0.0,0,0.0
-0.011403292,0.0,0.2,0.52,0.0,0,0.0
-0.05821549,0.0,0.27,1.08,0.0,0,0.0
-0.05821549,-0.747641,0.27,1.08,-0.4,0,0.0
-0.10915154,-0.747641,0.35,1.0,-0.4,0,0.0
0.00028148293,-0.747641,0.35,1.0,-0.4,0,0.0
-0.045287244,-0.747641,0.42,0.77,-0.4,0,0.0
-0.045287244,-0.747641,0.42,0.77,-0.4,0,0.0
0.50341415,-0.747641,0.42,0.77,-0.4,0,0.0
0.5770821999999999,0.664744,0.42,0.77,-0.05625,0,0.0
0.21575561,0.664744,0.42,0.77,-0.05625,0,0.0
0.21575561,0.664744,0.42,0.77,-0.05625,0,0.0
0.21575561,0.664744,0.61,0.59,-0.05625,0,0.0
0.12414047,-0.727611,0.61,0.59,-0.1611111111111111,0,0.0
0.118791655,-0.727611,0.44,0.57,-0.1611111111111111,0,0.0
0.004330892,-0.727611,0.44,0.57,-0.1611111111111111,0,0.0
0.028578494,-0.727611,0.37,0.32,-0.1611111111111111,0,0.0
0.030580975,-0.7502810000000001,0.37,0.32,-0.1611111111111111,0,0.0
0.021357995,-0.7502810000000001,0.58,0.86,-0.1611111111111111,0,0.0
-0.079197824,-0.7502810000000001,0.58,0.86,-0.1611111111111111,0,0.0
-0.07569601,-0.7502810000000001,0.51,0.62,-0.1611111111111111,0,0.0
0.04964494,-0.7502810000000001,0.51,0.62,-0.1611111111111111,0,0.0
-0.13708016,-0.7502810000000001,0.51,0.62,-0.1611111111111111,0,0.0
-0.030270666,-0.7502810000000001,0.51,0.62,-0.1611111111111111,0,0.0
-0.030270666,-0.7502810000000001,0.47,1.82,-0.1611111111111111,0,0.0
0.08638863,-0.7502810000000001,0.47,1.82,-0.1611111111111111,0,0.0
-0.01483833,-0.7502810000000001,0.47,1.82,-0.1611111111111111,0,0.0
-0.031207576,-0.7502810000000001,0.47,0.61,-0.1611111111111111,0,-0.3
-0.05475197,-0.7502810000000001,0.48,0.49,-0.1611111111111111,0,-0.3
0.021121465,-0.7502810000000001,0.58,0.64,-0.1611111111111111,0,-0.1
-0.044241577,-0.7502810000000001,0.63,0.42,-0.1611111111111111,0,0.0
0.2641427,-0.7502810000000001,0.63,0.42,-0.1611111111111111,0,0.2
-0.118928775,-0.7502810000000001,0.63,0.42,-0.1611111111111111,0,0.2
0.13247302,-0.7502810000000001,0.63,0.42,-0.1611111111111111,0,0.2
0.030394193,-0.7502810000000001,0.63,0.42,-0.1611111111111111,0,0.0
-0.009018339,-0.7502810000000001,0.55,0.71,-0.1611111111111111,0,0.0
-0.009018339,-0.7502810000000001,0.55,0.71,-0.1611111111111111,0,0.0
0.10577203,-0.7502810000000001,0.55,0.71,-0.1611111111111111,0,0.0
0.10577203,-0.7502810000000001,0.44,0.77,-0.1611111111111111,0,0.0
0.47709665,-0.7502810000000001,0.44,0.77,-0.1611111111111111,0,0.0
0.49400336,-0.665726,0.44,0.77,0.0,0,0.0
0.3039347,-0.665726,0.44,0.77,0.0,0,0.0
0.3039347,-0.665726,0.44,0.77,0.0,0,0.0
0.33996668,-0.665726,0.44,0.77,0.0,0,0.0
0.30404627,-0.665726,0.44,0.77,0.0,0,0.0
0.30404627,-0.6258130000000001,0.44,0.77,-0.5999999999999999,0,0.0
0.006352298,-0.6258130000000001,0.54,0.79,-0.5999999999999999,0,0.0
0.10254465,-0.6258130000000001,0.52,0.91,-0.5999999999999999,0,-0.3
0.023163293,0.0,0.52,0.91,0.2,0,-0.3
0.12975231,0.0,0.52,0.91,0.2,0,-0.3
-0.21668532,0.0,0.52,0.91,0.2,0,0.0
0.10468366,0.0,0.52,0.91,0.2,0,0.0
0.19674596,0.857924,0.52,0.91,0.0,0,0.2
0.11606014,0.877545,0.52,0.91,0.7,0,0.2
0.17638534,-0.659578,0.52,0.91,-0.3166666666666666,0,0.2
0.041403186,-0.659578,0.52,0.91,-0.3166666666666666,0,0.2
0.041403186,-0.659578,0.52,0.55,-0.3166666666666666,0,0.0
0.19530347,-0.659578,0.52,0.55,-0.3166666666666666,0,0.0
0.052871477,-0.659578,0.52,0.55,-0.3166666666666666,0,0.0
0.052871477,-0.659578,0.39,0.16,-0.3166666666666666,0,0.0
0.18089552,-0.659578,0.39,0.16,-0.3166666666666666,0,0.0
0.044838116,-0.659578,0.39,0.16,-0.3166666666666666,0,0.0
-0.19771531,-0.659578,0.39,0.16,-0.3166666666666666,0,0.0
-0.0633764,-0.659578,0.39,0.16,-0.3166666666666666,0,0.0
0.119386636,-0.659578,0.39,0.16,-0.3166666666666666,0,0.0
-0.105267614,-0.659578,0,0,-0.3166666666666666,0,-0.4
0.035817776,-0.659578,0,0,-0.3166666666666666,0,-0.4
-0.051198393,0.947195,0.33,0.41,1.0,0,0.2
0.2927391,0.947195,0.33,0.41,1.0,0,0.0
0.44501078,0.947195,0.33,0.41,1.0,0,0.2
0.44501078,0.947195,0.34,0.2,1.0,0,0.0
0.15635474,0.947195,0.34,0.2,1.0,0,0.0
0.15635474,0.0,0.34,0.2,0.0,0,0.0
0.08521785,0.0,0.05,0.03,0.0,0,0.0
0.27628386,0.0,0.05,0.03,0.0,0,0.0
0.39789844,0.0,0.05,0.03,0.0,0,0.0
0.13536838,0.0,0.05,0.03,0.0,0,0.0
0.13536838,0.0,0.38,0.31,0.0,0,0.0
-0.010650724,0.0,0.38,0.31,0.0,0,0.0
-0.14629996,0.0,0.38,0.31,0.0,0,0.0
-0.14629996,0.0,0.44,0.14,0.0,0,0.0
0.06457882,0.0,0.44,0.14,0.0,0,0.0
0.48570612,0.0,0.44,0.14,0.0,0,0.0
0.28272557,0.0,0.44,0.14,0.0,0,0.0
0.28272557,0.549765,0.44,0.14,0.1775,0,0.0
0.049297728,0.549765,0.44,0.14,0.1775,0,0.0
0.30394414,0.549765,0.44,0.14,0.1775,0,0.0
0.30394414,0.549765,0.19,0.04,0.1775,0,0.2
0.50898117,0.549765,0.19,0.04,0.1775,0,0.2
0.12573895,0.549765,0.19,0.04,0.1775,0,0.2
0.12573895,0.549765,0.47,0.57,0.1775,0,0.0
0.37927055,0.549765,0.47,0.57,0.1775,0,0.0
0.37927055,0.549765,0.5,0.33,0.1775,0,0.0
0.17727333,0.549765,0.5,0.33,0.1775,0,0.0
0.17727333,0.549765,0.23,-0.05,0.1775,0,0.0
0.028201267,0.549765,0.23,-0.05,0.1775,0,0.0
0.06500371,0.564495,0.23,-0.05,0.0,0,0.0
-0.16837303,0.564495,0.23,-0.05,0.0,0,0.0
-0.16837303,0.564495,0.26,-0.19,0.0,0,0.0
-0.028038904,0.564495,0.26,-0.19,0.0,0,0.0
-0.083513126,0.564495,0.27,-0.04,0.0,0,0.0
-0.026158176,0.564495,0.06,-0.1,0.0,0,0.0
0.023811124,0.564495,0.41,0.44,0.0,0,0.0
-0.111804724,0.564495,0.41,0.44,0.0,0,0.0
0.09365684,0.564495,0.41,0.44,0.0,0,0.0
0.09365684,0.564495,0.43,0.32,0.0,0,0.0
0.075245224,0.0,0.43,0.32,0.1234375,0,0.0
-0.090576515,0.0,0.43,0.32,0.1234375,0,0.0
-0.090576515,0.0,0.18,0.19,0.1234375,0,0.0
-0.090576515,0.0,0.34,0.17,0.1234375,0,0.0
-0.050257683,0.0,0.23,0.1,0.1234375,0,0.0
0.10245201,0.0,0.23,0.1,0.1234375,0,0.0
0.307556,0.0,0.23,0.1,0.1234375,0,0.0
-0.01720512,0.0,0.23,0.1,0.1234375,0,0.0
0.20080896,0.0,0.23,0.1,0.1234375,0,0.0
0.36765057,0.0,0.23,0.1,0.1234375,0,0.0
0.4715596,0.0,0.23,0.1,0.1234375,0,0.0
-0.06087303,0.0,0.23,0.1,0.1234375,0,0.0
-0.06087303,0.0,0.51,0.28,0.1234375,0,0.0
0.35845578,0.0,0.51,0.28,0.1234375,0,0.0
0.5024502000000001,0.0,0.51,0.28,0.1234375,0,0.0
0.5024502000000001,0.0,0.42,0.63,0.1234375,0,0.2
0.3919548,0.0,0.42,0.63,0.1234375,0,0.3
0.3919548,0.0,0.42,0.63,-0.6999999999999998,0,0.0
0.3919548,-0.639044,0.42,0.63,-0.6999999999999998,0,0.0
-0.28351063,-0.639044,0.42,0.63,-0.6999999999999998,0,0.0
-0.28351063,-0.639044,0.48,0.18,-0.6999999999999998,0,0.0
0.10516401,-0.639044,0.48,0.18,-0.6999999999999998,0,0.0
0.10516401,-0.639044,0.27,0.13,-0.6999999999999998,0,0.0
0.10516401,-0.639044,0.27,0.13,0.175,0,0.0
0.2071427,-0.639044,0.27,0.13,0.175,0,0.0
0.2071427,0.0,0.27,0.13,0.175,0,0.0
0.2071427,0.0,0.33,0.05,0.175,0,0.0
0.2684167,0.0,0.01,-0.03,0.175,0,0.2
0.31358856,0.0,0.36,0.28,0.175,0,0.3
0.3458485,0.0,0.28,0.3,0.175,0,0.3
0.3729317,0.0,0.28,0.3,0.175,0,0.3
0.03857068,0.0,0.28,0.3,0.175,0,0.0
0.28655422,0.0,0.28,0.3,0.175,0,0.0
-0.0692676,0.0,0.28,0.3,0.175,0,0.0
-0.0692676,0.0,0.28,0.3,0.175,0,0.0
-0.0692676,0.0,0.22,0.08,0.175,0,0.0
0.085153155,0.0,0.22,0.08,0.175,0,0.0
-0.011460617,0.0,0.22,0.08,0.175,0,0.0
0.13359375,0.0,0.22,0.08,0.175,0,0.0
0.47687963,0.0,0.22,0.08,0.175,0,0.3
0.5258454,0.0,0.22,0.08,0.175,0,0.3
0.5258454,0.0,0.31,0.05,0.175,0,0.1
0.5258454,0.0,0.31,0.05,0.175,0,0.0
0.41875255,0.0,0.31,0.05,0.175,0,0.0
0.41875255,0.0,0.31,0.05,-0.01666666666666668,0,0.0
0.41875255,0.538143,0.31,0.05,-0.01666666666666668,0,0.0
0.2892918,0.538143,0.31,0.05,-0.01666666666666668,0,0.0
0.5030489,0.538143,0.31,0.05,-0.01666666666666668,0,0.0
0.4726339,0.538143,0.31,0.05,-0.01666666666666668,0,0.0
0.4726339,0.538143,0.15,0.2,-0.01666666666666668,0,0.0
0.28978378,0.538143,0.15,0.2,-0.01666666666666668,0,0.0
0.31175873,0.538143,0.15,0.2,-0.05000000000000001,0,0.0
0.040718336,0.538143,0.15,0.2,-0.05000000000000001,0,0.0
0.040718336,-0.618324,0.15,0.2,-0.05000000000000001,0,0.0
0.040718336,-0.618324,0.46,0.38,-0.05000000000000001,0,0.2
0.19542246,-0.618324,0.46,0.38,-0.05000000000000001,0,0.2
0.31303304,-0.618324,0.46,0.38,-0.05000000000000001,0,0.2
0.31303304,-0.618324,0.36,0.23,-0.05000000000000001,0,0.3
0.09833634,-0.618324,0.36,0.23,-0.05000000000000001,0,0.3
-0.031116746,-0.618324,0.36,0.23,-0.05000000000000001,0,0.3
0.0226796,-0.618324,0.36,0.23,-0.05000000000000001,0,0.3
0.41393986,-0.618324,0.36,0.23,-0.05000000000000001,0,0.0
0.41393986,-0.618324,0.44,0.42,-0.05000000000000001,0,0.0
0.54902697,-0.618324,0.44,0.42,-0.05000000000000001,0,0.0
0.46010593,0.0,0.44,0.42,0.8,0,0.0
0.16817215,0.0,0.44,0.42,0.8,0,0.0
0.16817215,0.0,0.44,0.42,0.8,0,0.0
0.16817215,0.0,0.25,0.06,0.8,0,0.0
0.42143717,0.0,0.25,0.06,0.8,0,0.0
0.3367869,0.0,0.45,0.21,0.8,0,0.0
0.09387286,0.0,0.45,0.21,0.8,0,0.0
0.33429617,0.0,0.45,0.21,0.8,0,0.0
0.17510873,0.0,0.45,0.21,0.8,0,0.0
0.17510873,0.0,0.33,-0.01,0.8,0,0.0
0.17510873,0.0,0.33,-0.01,0.8,0,0.15000000000000002
0.3821621,0.0,0.33,-0.01,0.8,0,0.2
0.22259164,0.0,0.33,-0.01,0.8,0,0.3
0.22259164,0.0,0.33,-0.01,0.8,0,0.2
0.3746061,0.0,0.33,-0.01,0.8,0,0.2
0.3746061,0.0,0.33,-0.01,0.14444444444444446,0,0.0
0.18979025,0.0,0.33,-0.01,0.14444444444444446,0,0.0
0.18979025,0.0,0.38,0.14,0.14444444444444446,0,0.0
0.009549987,0.0,0.38,0.14,0.14444444444444446,0,0.0
0.2805944,0.0,0.38,0.14,0.14444444444444446,0,0.0
0.21522221,0.0,0.33,0.26,0.14444444444444446,0,0.0
0.52994615,0.0,0.33,0.26,0.14444444444444446,0,0.0
0.31154796,0.0,0.33,0.26,0.14444444444444446,0,0.0
0.28558978,0.0,0.33,0.26,0.14444444444444446,0,0.0
0.56418836,0.0,0.33,0.26,0.14444444444444446,0,0.0
0.56418836,0.0,0.33,0.26,-1.0,0,0.0
0.61463803,0.0,0.33,0.26,0.0,0,0.0
0.44390866,0.0,0.33,0.26,0.0,0,0.0
0.5890516,0.0,0.33,0.26,0.0,0,0.0
0.5890516,0.0,0.33,0.26,0.0,0,0.0
0.5890516,0.0,0.32,0.15,0.0,0,0.0
0.5587651,0.0,0.32,0.15,0.21666666666666665,0,0.0
0.6030595999999999,0.0,0.45,0.27,0.21666666666666665,0,0.3
0.3746756,0.0,0.45,0.27,0.21666666666666665,0,0.3
0.3746756,0.0,0.45,0.27,0.21666666666666665,0,0.3
0.26512074,0.0,0.45,0.27,0.21666666666666665,0,0.3
0.45969468,0.0,0.45,0.27,0.21666666666666665,0,0.3
0.45969468,0.0,0.45,0.27,-0.2,0,0.2
0.5239090999999999,-0.86779,0.45,0.27,-0.2,0,0.1
0.5239090999999999,-0.86779,0.45,0.27,-0.2,0,0.0
0.5235424,-0.86779,0.45,0.27,-0.43333333333333335,0,0.4
0.5235424,-0.86779,0.45,0.27,-0.43333333333333335,0,0.5
0.5235424,-0.7386659999999999,0.45,0.27,-0.43333333333333335,0,0.5
0.23694160000000006,-0.7386659999999999,0.45,0.27,-0.43333333333333335,0,0.0
0.24043354,-0.7386659999999999,0.44,0.81,-0.43333333333333335,0,0.6
0.6496738000000001,-0.7386659999999999,0.44,0.81,-0.43333333333333335,0,0.6
0.6496738000000001,-0.7386659999999999,0.44,0.81,-0.43333333333333335,0,0.3
0.5260892,-0.7386659999999999,0.44,0.81,-0.43333333333333335,0,0.3
0.54165024,-0.7386659999999999,0.44,0.81,0.7,0,0.4
0.5963475,0.804998,0.44,0.81,0.7,0,0.4
0.5499391,0.804998,0.27,0.26,0.7,0,0.4
0.56804127,0.804998,0.27,0.26,0.2,0,0.4
0.451893,0.804998,0.27,0.26,0.2,0,0.5
0.451893,0.804998,0.33,0.01,0.2,0,0.5
0.49202687,0.804998,0.28,0.03,0.2,0,0.6
0.5177435,0.804998,0.52,0.35,0.2,0,0.6
0.576388,0.804998,0.36,0.26,0.2,0,0.5
0.6138803,0.0,0.36,0.26,0.2,0,0.3
0.6138803,0.0,0.36,0.26,0.2,0,0.3
0.20945227,0.0,0.36,0.26,0.2,0,0.3
0.5832208000000001,0.0,0.36,0.26,0.2,0,0.3
0.58403,0.0,0.36,0.27,0.2,0,0.3
0.5671050999999999,0.0,0.36,0.27,-0.25,0,0.5
0.5671050999999999,0.0,0.36,0.27,-0.25,0,0.0
0.66150826,0.0,0.36,0.27,0.1,0,0.6
0.45736173,0.0,0.36,0.27,0.1,0,0.6
0.45736173,0.0,0.36,0.27,0.1,0,0.5
0.62593037,0.0,0.36,0.27,0.1,0,0.5
0.62593037,0.0,0.28,0.09,0.1,0,0.45
0.42883533,0.0,0.28,0.09,0.1,0,0.5
0.25273174,0.0,0.28,0.09,0.1,0,0.6
0.5757741,0.0,0.28,0.09,0.1,0,0.7
0.5554106,-0.522686,0.28,0.09,0.1,0,0.7
0.48265392,-0.522686,0.28,0.09,0.1,0,0.5
0.22855748,-0.522686,0.28,0.09,0.1,0,0.4
0.47383574,-0.522686,0.28,0.09,0.1,0,0.2
0.4038553,-0.522686,0.14,0.38,0.1,0,0.3
0.18584676,-0.522686,0.14,0.38,0.1,0,0.4
0.18584676,-0.522686,0.36,0.07,0.1,0,0.2
0.23559724,-0.522686,-0.14,-0.19,0.1,0,0.2
0.37351674,-0.522686,-0.14,-0.19,0.1,0,0.1
0.55334496,-0.522686,-0.14,-0.19,0.1,0,0.2
0.55334496,-0.522686,0.34,0.27,0.1,0,0.0
0.55334496,-0.522686,0.34,0.27,0.1,0,0.3
0.55334496,-0.522686,0.38,0.24,0.1,0,0.3
0.5462164,-0.522686,0.38,0.24,0.6,0,0.5
0.5462164,0.72187,0.38,0.24,0.6,0,0.5
0.3885896,0.72187,0.38,0.24,0.6,0,0.0
0.2736563,0.72187,0.38,0.24,0.6,0,0.4
0.2736563,0.72187,0.38,0.24,0.6,0,0.4
0.14451504,0.72187,0.38,0.24,0.6,0,0.5
0.5502275,0.72187,0.38,0.24,0.6,0,0.5
0.5502275,0.72187,0.23,0.08,0.6,0,0.4
0.62553287,0.72187,0.23,0.08,0.05833333333333333,0,0.5
0.5307607,-0.868525,0.23,0.08,0.05833333333333333,0,0.5
0.21762808,-0.868525,0.23,0.08,0.05833333333333333,0,0.4
0.21762808,-0.868525,0.02,-0.01,0.05833333333333333,0,0.3
0.06491212,-0.868525,0.02,-0.01,0.05833333333333333,0,0.3
0.31586948,-0.868525,0.02,-0.01,0.05833333333333333,0,0.2
0.49266264,-0.868525,0.02,-0.01,0.05833333333333333,0,0.2
0.51279783,-0.868525,0.02,-0.01,0.8,0,0.3
0.51279783,-0.868525,0.13,-0.15,0.8,0,0.3
0.51279783,0.739839,0.13,-0.15,0.8,0,0.3
0.26494113,0,0,0,0,0,0.3
