-0.20283854,0.668659,-0.02,0.33,0.13749999999999998,0,-0.3
-0.07251447400000001,0.668659,-0.02,0.33,0.13749999999999998,0,0.0
-0.036863163,0.668659,0.1,0.07,0.13749999999999998,0,-0.5
-0.20838627,0.668659,0.1,0.07,0.13749999999999998,0,0.2
-0.04080291,0.668659,0.1,0.07,0.13749999999999998,0,0.2
-0.13329214,0.668659,-0.08,-0.11,0.13749999999999998,0,0.2
0.34987354,0.668659,-0.08,-0.11,0.13749999999999998,0,0.2
0.10102497,0.668659,-0.08,-0.11,0.13749999999999998,0,0.2
-0.026641063,0.668659,-0.08,-0.11,0.13749999999999998,0,0.1
0.18614559,0.668659,-0.08,-0.11,0.13749999999999998,0,0.1
0.18614559,0.0,-0.08,-0.11,0.0,0,0.1
0.035521336,0.0,-0.08,-0.11,0.0,0,0.4
0.035521336,0.0,0.24,0.31,0.0,0,0.4
0.09184402,0.0,-0.07,0.24,0.0,0,0.4
0.23933041,0.0,-0.07,0.24,0.0,0,0.4
0.23933041,0.0,-0.15,-0.21,0.0,0,0.4
0.31518820000000003,0.713699,-0.15,-0.21,0.2,0,0.4
0.30463356,0.713699,-0.15,-0.21,0.2,0,0.4
0.30154574,0.713699,0.13,0.28,0.2,0,0.4
-0.14494075,0.713699,0.13,0.28,0.2,0,0.4
-0.14494075,0.713699,0.13,0.28,0.2,0,0.0
-0.14494075,0.713699,0.19,0.18,0.2,0,0.0
-0.14494075,0.713699,0.19,0.18,0.2,0,0.3
0.29308397,0.713699,0.19,0.18,0.2,0,0.4
0.4729064,0.713699,0.19,0.18,0.2,0,0.4
-0.22600406,0.713699,0.19,0.18,0.2,0,0.4
-0.22600406,0.713699,0.19,0.18,0.2,0,0.5
-0.22600406,0.713699,0.19,0.18,0.2,0,0.5
-0.06255205,0.713699,0.19,0.18,0.2,0,0.5
0.6622935999999999,0.713699,0.19,0.18,0.2,0,0.5
0.6622935999999999,0.0,0.19,0.18,0.6,0,0.5
0.4481694000000001,0.0,0.19,0.18,0.6,0,0.5
0.4481694000000001,0.555096,0.19,0.18,0.25,0,0.5
0.55162084,0.555096,0.19,0.18,0.25,0,0.5
0.55162084,0.555096,0.19,0.18,0.25,0,0.5
0.55226755,0.555096,0.09,0.4,0.25,0,0.5
0.5376505,0.555096,0.07,0.19,0.25,0,-0.5
0.5679512,0.622625,0.07,0.19,0.1238888888888889,0,-0.5
0.5679512,0.622625,0.14,0.17,0.1238888888888889,0,-0.3
0.6124299,0.622625,-0.11,-0.11,0.1238888888888889,0,-0.4
0.4089788,0.622625,-0.11,-0.11,0.1238888888888889,0,-0.5
0.23919025,0.622625,-0.11,-0.11,0.1238888888888889,0,-0.5
0.5172305,0.622625,-0.11,-0.11,0.1238888888888889,0,-0.5
0.07397612,0.622625,-0.11,-0.11,0.1238888888888889,0,-0.5
-0.18973547,0.622625,-0.11,-0.11,0.1238888888888889,0,-0.5
0.35395995,0.622625,-0.11,-0.11,0.1238888888888889,0,-0.5
0.446578,0.0,-0.11,-0.11,0.3527777777777778,0,-0.5
0.3234232,0.0,-0.11,-0.11,0.3527777777777778,0,-0.5
0.3234232,0.0,0.0,0.23,0.3527777777777778,0,-0.5
0.26867098,0.0,0.12,0.26,0.3527777777777778,0,-0.5
0.38339627,0.0,0.12,0.26,0.3527777777777778,0,-0.4
0.39376888,0.0,0.15,0.09,0.3527777777777778,0,-0.4
0.37476933,-0.654343,0.15,0.09,-0.22499999999999992,0,-0.3
0.37476933,-0.654343,0.15,0.09,-0.22499999999999992,0,-0.3
0.6193118000000001,-0.654343,0.15,0.09,-0.22499999999999992,0,-0.3
0.6193118000000001,0.0,0.15,0.09,-0.0625,0,-0.3
0.6535588000000001,0.0,0.15,0.09,-0.0625,0,-0.3
0.48800603,0.0,0.15,0.09,-0.0625,0,-0.3
0.39530334,0.0,0.15,0.09,0.3524242424242425,0,-0.3
0.48327705,0.0,-0.16,-0.02,0.3524242424242425,0,-0.3
0.48327705,0.0,-0.16,-0.02,0.3524242424242425,0,-0.3
0.42796043,0.0,0.14,0.49,0.3524242424242425,0,-0.3
0.46429738,0.0,0.14,0.49,0.3524242424242425,0,-0.3
0.4523506,0.0,0.2,0.39,0.3524242424242425,0,-0.3
0.3908051,0.0,0.2,0.39,0.3524242424242425,0,-0.5
0.27864063,0.0,0.2,0.39,0.3524242424242425,0,-0.7
0.27864063,0.0,0.2,0.39,0.3524242424242425,0,-0.7
0.33253333,0.0,0.2,0.39,0.3524242424242425,0,-0.9
0.60160136,0.0,0.2,0.39,0.3524242424242425,0,-0.9
0.60666615,0.0,0.02,0.22,0.3524242424242425,0,-0.9
0.61242914,0.0,0.02,0.22,0.3524242424242425,0,-0.9
0.509894,0.0,0.02,0.22,0.3524242424242425,0,-1.0
0.5207549,0.0,0.02,0.22,0.3524242424242425,0,-1.0
0.413761,0.0,0.02,0.22,0.3524242424242425,0,-1.0
0.14723068,0.0,0.02,0.22,0.3524242424242425,0,-1.0
0.14723068,0.0,0.02,0.22,0.3524242424242425,0,-1.0
0.14723068,-0.817148,0.02,0.22,0.5285714285714286,0,-1.0
0.4022941,-0.817148,0.02,0.22,0.5285714285714286,0,-1.0
0.5980477,-0.817148,0.02,0.22,0.5285714285714286,0,-1.0
0.5980477,-0.817148,0.17,0.25,0.5285714285714286,0,-1.0
0.5856776,-0.817148,0.14,0.34,0.5285714285714286,0,-1.0
0.49759486,-0.817148,0.14,0.34,0.5285714285714286,0,-0.9
0.3968926,-0.817148,0.14,0.34,0.5285714285714286,0,-0.9
0.3968926,0.599125,0.14,0.34,0.6,0,-0.9
0.3968926,0.599125,-0.0,0.08,0.6,0,-0.9
0.50868255,0.599125,-0.0,0.08,0.6,0,-0.9
0.42268252,0.599125,-0.0,0.08,0.6,0,-0.9
0.43229926,0.599125,0.14,0.39,0.6,0,-0.9
0.42320284,0.599125,0.15,0.27,0.6,0,-0.9
0.19296671,0.599125,0.15,0.27,0.6,0,-0.8
0.34663248,0.599125,0.15,0.27,0.6,0,-0.8
0.30934688,-0.622963,0.15,0.27,0.25,0,-0.8
0.5416972,-0.622963,0.15,0.27,0.25,0,-0.9
0.41755614,-0.622963,0.08,0.22,0.25,0,-1.0
0.2066395,-0.622963,0.08,0.22,0.25,0,-1.0
0.33490476,-0.622963,0.08,0.22,0.25,0,-0.7
0.25705320000000004,-0.622963,0.12,0.48,0.25,0,-0.7
0.19696847,0.0,0.12,0.48,0.6,0,-0.7
0.19069639,0.0,0.04,0.2,0.6,0,-0.7
0.356777,0.0,0.04,0.2,0.6,0,-0.5
0.356777,0.0,0.3,0.32,0.6,0,-0.5
0.41909876,0.0,0.09,0.16,0.6,0,-0.5
0.41909876,0.0,0.09,0.16,0.0,0,-0.5
0.3016434,0.0,0.09,0.16,0.0,0,-0.5
0.4645371,0.0,0.09,0.16,0.0,0,-0.4
0.4306351,0.0,0.09,0.16,0.2857142857142857,0,-0.4
0.36985576,0.0,0.09,0.16,0.2275,0,-0.3
0.49953875,0.0,0.09,0.16,0.2275,0,-0.3
0.34421617,0.0,0.09,0.16,0.2275,0,-0.3
0.34421617,0.0,-0.21,-0.12,0.2275,0,-0.1
-0.14241803,0.0,-0.21,-0.12,0.2275,0,-0.1
0.23938923,0.0,-0.21,-0.12,0.2275,0,0.0
-0.097455114,0.0,-0.21,-0.12,0.2275,0,0.0
-0.097455114,0.0,0.07,0.19,0.2275,0,0.0
0.07749805,0.0,0.07,0.19,0.2275,0,0.0
0.07749805,0.0,-0.02,0.18,0.2275,0,0.0
-0.15343142,0.0,-0.02,0.18,0.2275,0,0.0
-0.033483453,0.0,-0.02,0.18,0.2275,0,0.0
-0.033483453,0.0,0.23,0.37,0.2275,0,0.0
-0.033483453,0.5864520000000001,0.23,0.37,0.2,0,0.0
-0.14521961,0.5864520000000001,0.23,0.37,0.2,0,0.0
-0.3427852,0.5864520000000001,0.23,0.37,0.2,0,0.0
-0.3427852,0.5864520000000001,0.2,0.19,0.2,0,0.0
-0.020443685,0.5864520000000001,0.2,0.19,0.2,0,0.0
-0.020443685,0.5864520000000001,0.2,0.19,0.2,0,0.0
0.5691676999999999,0.5864520000000001,0.2,0.19,0.2,0,0.0
0.65096146,0.5864520000000001,0.27,0.35,0.2,0,0.0
0.6155849,0.5864520000000001,-0.12,0.16,0.2,0,0.0
0.6155849,0.5864520000000001,-0.12,0.16,0.2,0,0.0
0.48203337,0.5864520000000001,-0.12,0.16,0.2,0,0.0
0.2694533,0.5864520000000001,-0.12,0.16,0.2,0,0.1
0.2694533,0.5864520000000001,-0.17,0.17,0.2,0,0.1
0.4590596,0.5864520000000001,-0.17,0.17,0.2,0,0.1
0.49458203,0.5864520000000001,-0.17,0.17,0.2,0,0.4
0.41103244,0.5864520000000001,0.12,0.35,0.2,0,0.4
0.29709855,0.5864520000000001,-0.11,0.53,0.2,0,0.3
0.21580043,0.5864520000000001,-0.11,0.53,0.2,0,0.8
0.21580043,0.5864520000000001,-0.11,0.53,0.2,0,0.7
0.58366334,0.5864520000000001,-0.11,0.53,0.2,0,0.5
0.58366334,0.5864520000000001,-0.11,0.53,0.2,0,0.5
0.38729042,0.5864520000000001,-0.11,0.53,0.2,0,0.5
0.38729042,0.5864520000000001,0.4,0.42,0.2,0,0.5
0.2259388,0.5864520000000001,0.4,0.42,0.2,0,0.5
0.46449468,0.5864520000000001,0.4,0.42,0.2,0,0.5
0.33929193,0.5864520000000001,0.4,0.42,0.2,0,0.5
0.33929193,0.5864520000000001,-0.09,0.18,0.2,0,0.5
0.43964052,0.5864520000000001,0.05,0.61,0.2,0,0.5
0.3659082,0.5864520000000001,0.2,0.06,0.2,0,0.5
0.4509494000000001,0.785736,0.2,0.06,0.5458333333333334,0,0.5
0.6475434,0.785736,0.2,0.06,0.5458333333333334,0,0.6
0.22953111,0.785736,0.2,0.06,0.5458333333333334,0,0.6
0.46245182,0.785736,0.2,0.06,0.5458333333333334,0,0.7
0.51862705,0.785736,0.18,0.39,0.5458333333333334,0,0.7
0.34219077,0.785736,0.18,0.39,0.5458333333333334,0,0.5
0.66962534,0.785736,0.18,0.39,0.5458333333333334,0,0.6
0.65606475,0.785736,0.11,0.1,0.5458333333333334,0,0.6
0.57046527,0.785736,0.11,0.1,0.5458333333333334,0,0.6
0.62500304,0.785736,0.11,0.1,0.5458333333333334,0,0.6
0.5279331,0.785736,0.11,0.1,0.5458333333333334,0,0.6
0.6363460999999999,0.785736,0.11,0.1,0.5458333333333334,0,0.7
0.6386805,0.785736,0.11,0.1,0.5458333333333334,0,0.7
0.5966369,0.785736,0.22,0.65,0.5458333333333334,0,0.7
0.5574031999999999,0.785736,0.02,0.2,0.5458333333333334,0,0.7
0.5316187,0.785736,0.02,0.2,0.5458333333333334,0,0.7
0.6359869,0.785736,0.02,0.2,0.5458333333333334,0,0.8
0.6359869,0.0,0.02,0.2,0.5458333333333334,0,0.8
0.6439949,0.0,0.02,0.2,0.5458333333333334,0,0.8
0.6618142,0.0,0.14,0.34,0.5458333333333334,0,0.8
0.5263138,0.0,0.14,0.34,0.5458333333333334,0,0.8
0.37213483,0.0,0.14,0.34,0.5458333333333334,0,0.8
0.62329865,0.0,0.14,0.34,0.5458333333333334,0,0.8
0.62329865,0.0,0,0,0.5458333333333334,0,0.8
0.4681088,0.0,0,0,0.5458333333333334,0,0.8
0.4681088,0.0,0,0,0.5458333333333334,0,0.8
0.6660026,0.0,0,0,0.5458333333333334,0,0.8
0.6660026,0.0,0,0,0.5458333333333334,0,0.8
0.64310014,0.5721970000000001,0,0,0.8,0,0.8
0.6628784000000001,0,0,0,0,0,0.8
0.55839866,0,0,0,0,0,0.8
0.17895475,0.0,0.03,0.03,0.0,0,0.2
0.5341994999999999,0.0,0.03,0.03,0.0,0,0.0
0.5341994999999999,0.792706,0.03,0.03,0.6,0,0.2
-0.14980687,0.792706,0.03,0.03,0.6,0,0.2
-0.14980687,0.792706,0.12,0.38,0.6,0,0.2
0.351987,0.792706,0.12,0.38,0.6,0,0.2
0.016806222,0.792706,0.12,0.38,0.6,0,0.2
-0.22588792,0.792706,0.12,0.38,0.6,0,0.2
-0.22588792,0.0,0.12,0.38,0.0,0,0.2
0.101819925,0.0,0.12,0.38,0.0,0,0.0
0.101819925,0.0,0.06,-0.08,0.0,0,0.2
-0.15219386,0.0,0.06,-0.08,0.0,0,0.2
-0.15219386,0.0,-0.08,-0.16,0.0,0,0.2
-0.18621157,0.0,-0.14,0.14,0.0,0,0.2
-0.31680956,0.0,-0.14,0.14,0.0,0,-0.1
-0.17275482,0.0,-0.14,0.14,0.0,0,-0.3
-0.17275482,0.0,0.02,-0.18,0.0,0,-0.4
-0.17275482,0.5031899999999999,0.02,-0.18,0.0,0,-0.4
-0.046757363,0.5031899999999999,0.02,-0.18,0.0,0,-0.4
-0.08153160000000001,0.5031899999999999,0.04,0.06,0.0,0,-0.4
0.16799885,0.5031899999999999,0.04,0.06,0.0,0,-0.4
0.16799885,0.5031899999999999,0.14,0.16,0.0,0,-0.4
-0.19559148,0.5031899999999999,0.14,0.16,0.0,0,-0.4
-0.19559148,0.5031899999999999,0.07,-0.0,0.0,0,-0.4
-0.03933324,0.5031899999999999,0.07,-0.0,0.0,0,0.0
0.35929963,0.5031899999999999,0.07,-0.0,0.0,0,-0.4
0.56829643,0.5031899999999999,0.07,-0.0,0.0,0,-0.4
0.55295587,0.5031899999999999,0.21,0.12,0.0,0,-0.4
0.55944186,0.5031899999999999,0.13,0.15,0.0,0,-0.4
0.5534496,0.0,0.13,0.15,0.0,0,-0.5
0.46717623,0.0,0.13,0.15,0.21666666666666667,0,-0.3
0.46717623,0.0,0.21,0.15,0.21666666666666667,0,-0.6
0.4163528,0.0,0.27,0.31,0.21666666666666667,0,-0.6
0.47416604,-0.546925,0.27,0.31,0.0,0,-0.5
0.5104965,-0.546925,0.14,0.26,0.0,0,-0.5
0.39346054,-0.546925,0.14,0.26,0.0,0,-0.6
0.39346054,0.0,0.14,0.26,-0.15625,0,-0.6
0.3021305,0.0,0.25,0.31,-0.15625,0,-0.8
0.24035947,0.0,0.25,0.31,0.175,0,-0.7
0.24035947,0.0,0.16,0.13,0.175,0,-0.5
0.08444742,0.0,0.16,0.13,0.175,0,-0.5
0.29071298,0.0,0.16,0.13,0.175,0,-0.5
0.13239431,0.0,0.16,0.13,0.175,0,-0.5
0.19232856,0.0,-0.05,-0.07,0.175,0,-0.5
0.23286907,0.0,0.09,0.1,0.175,0,-0.5
0.08099903,0.0,0.09,0.1,0.175,0,-0.6
0.2135022,0.0,0.05,0.02,0.175,0,-0.6
0.2135022,0.0,0.05,0.02,-0.05,0,-0.5
0.21536584,-0.7584390000000001,0.05,0.02,0.3,0,-0.5
0.4213651,-0.7584390000000001,0.05,0.02,0.3,0,-0.5
0.4213651,-0.7584390000000001,0.05,0.11,0.3,0,-0.3
0.29733294,-0.7584390000000001,0.05,0.11,0.3,0,-0.2
0.36976364,-0.7584390000000001,0.12,0.14,0.3,0,-0.2
0.3604502,0.0,0.12,0.14,0.2,0,0.0
0.38272572,-0.6163,0.12,0.14,-0.075,0,0.0
0.3669862,-0.6163,0.19,0.1,-0.075,0,0.5
0.26299483,-0.6163,0.19,0.1,-0.075,0,0.4
0.26299483,-0.641736,0.19,0.1,-0.075,0,0.0
0.24115415,-0.641736,0.08,0.01,-0.075,0,0.0
0.08602713,-0.641736,0.08,0.01,-0.075,0,-0.2
0.11991013,-0.641736,0.1,0.25,-0.075,0,-0.1
0.1438005,0.0,0.1,0.25,0.0,0,-0.1
0.1438005,0.0,0.21,0.31,0.0,0,-0.3
0.30865186,0.0,0.21,0.31,0.0,0,-0.3
0.13307355,0.0,0.21,0.31,0.0,0,-0.3
0.13307355,0.0,0.17,0.07,0.0,0,-0.3
0.2429039,0.0,0.17,0.07,0.0,0,-0.3
0.040285293,0.0,0.17,0.07,0.0,0,-0.3
0.1729997,0.0,0.17,0.07,0.0,0,-0.3
0.1671206,-0.55589,0.17,0.07,-0.2625,0,-0.3
0.1671206,-0.55589,0.32,0.35,-0.2625,0,-0.3
0.33792785,-0.55589,0.32,0.35,-0.2625,0,-0.4
0.43941146,-0.55589,0.32,0.35,-0.2625,0,-0.5
0.28837270000000004,-0.55589,0.32,0.35,-0.2625,0,-0.5
0.28837270000000004,-0.55589,0.23,0.05,-0.2625,0,-0.5
0.10379414,-0.55589,0.23,0.05,-0.2625,0,-0.5
0.20473316,-0.55589,0.23,0.05,-0.2625,0,-0.5
0.33545446,-0.55589,0.23,0.05,-0.2625,0,-0.5
0.5395281999999999,-0.55589,0.23,0.05,-0.2625,0,-0.5
0.40463984,-0.55589,0.23,0.05,-0.2625,0,-0.5
-0.010623619,-0.55589,0.23,0.05,-0.2625,0,-0.4
-0.010623619,-0.55589,0.27,0.36,-0.2625,0,-0.4
0.12890735,-0.55589,0.27,0.36,-0.2625,0,-0.4
0.09060811,-0.55589,0.13,0.32,-0.2625,0,-0.4
0.27545983,-0.55589,0.13,0.32,-0.2625,0,0.0
0.06738654,-0.55589,0.13,0.32,-0.2625,0,-0.3
0.06738654,0.0,0.13,0.32,0.15,0,-0.3
0.21658309,0.0,0.13,0.32,0.15,0,0.0
0.5136467,0.0,0.13,0.32,0.15,0,-0.3
0.33143246,0.0,0.13,0.32,0.15,0,-0.3
0.30303842,0.0,0.16,0.08,0.15,0,-0.4
0.117966205,0.0,0.16,0.08,0.15,0,-0.4
-0.05936399,0.0,0.16,0.08,0.15,0,-0.4
-0.05936399,-0.578522,0.16,0.08,0.10138888888888888,0,-0.4
0.10613924,-0.578522,0.16,0.08,0.10138888888888888,0,-0.4
0.10613924,-0.578522,0.27,0.36,0.10138888888888888,0,-0.4
0.47255608,-0.578522,0.27,0.36,0.10138888888888888,0,-0.4
0.47255608,-0.578522,0.18,0.22,0.10138888888888888,0,-0.4
0.28087422,-0.578522,0.18,0.22,0.10138888888888888,0,-0.4
-0.0038683712,-0.578522,0.18,0.22,0.10138888888888888,0,-0.4
0.026178055,-0.578522,0.27,0.26,0.10138888888888888,0,-0.4
0.0036023408,-0.578522,0.06,0.07,0.10138888888888888,0,-0.6
0.049968388,-0.616449,0.06,0.07,-0.07777777777777779,0,-0.8
0.08172856,-0.616449,0.2,0.26,-0.07777777777777779,0,-1.0
0.1152492,-0.616449,0.16,0.01,-0.07777777777777779,0,-1.0
0.09443111,-0.616449,0.31,0.76,-0.07777777777777779,0,-1.0
0.12458271,-0.616449,0.2,0.5,-0.07777777777777779,0,-0.9
0.10861826,-0.616449,0.24,0.21,-0.07777777777777779,0,-0.9
0.08132963,-0.616449,0.23,0.49,-0.07777777777777779,0,-0.9
0.18518455,-0.616449,0.23,0.49,-0.07777777777777779,0,-0.9
0.06491888,-0.616449,0.23,0.49,-0.07777777777777779,0,-0.9
0.07354736,-0.616449,0.27,0.44,-0.07777777777777779,0,-0.9
0.04266846,0.0,0.27,0.44,0.22222222222222224,0,-0.9
0.14227459,0.0,0.19,0.26,0.22222222222222224,0,-0.9
0.119251795,-0.6443180000000001,0.19,0.26,-0.2,0,-0.9
0.12773082,0.57725,0.19,0.26,-0.25,0,-0.9
0.11204205,0.57725,0.19,0.36,-0.25,0,-0.4
-0.09585066,0.57725,0.19,0.36,-0.25,0,-0.4
-0.09585066,0.57725,0.18,0.2,-0.25,0,-0.3
0.17770572,0.57725,0.18,0.2,-0.25,0,-0.3
0.027482782,0.57725,0.18,0.2,-0.25,0,-0.3
0.027482782,0.0,0.18,0.2,0.0,0,-0.3
0.13533916,0.0,0.18,0.2,0.0,0,-0.3
-0.11691892,0.0,0.18,0.2,0.0,0,-0.2
0.09185472,0.0,0.18,0.2,0.0,0,-0.2
-0.02653215,0.0,0.18,0.2,0.0,0,-0.2
-0.02653215,0.0,0.22,0.27,0.0,0,-0.2
0.19946647,0.0,0.22,0.27,0.0,0,-0.3
0.6503635999999999,0.0,0.22,0.27,0.0,0,-0.6
0.58921444,0.0,0.22,0.27,0.14523809523809525,0,-0.6
0.56744444,0.0,0.31,0.31,0.14523809523809525,0,-0.6
0.4668057,0.0,0.31,0.31,0.14523809523809525,0,-0.6
-0.16302153,0.0,0.31,0.31,0.14523809523809525,0,-0.6
0.5300050000000001,0.0,0.31,0.31,0.14523809523809525,0,-0.6
0.4014112,0.0,0.31,0.31,0.14523809523809525,0,-0.6
0.4139154,0.0,0.12,0.05,0.14523809523809525,0,-0.6
0.24973735,0.0,0.12,0.05,0.14523809523809525,0,-0.7
0.3204121,-0.5015430000000001,0.12,0.05,-0.2,0,-0.7
0.20357586,-0.5015430000000001,0.12,0.05,-0.2,0,-0.7
0.20357586,-0.5015430000000001,0.02,0.01,-0.2,0,-0.7
0.36887145,-0.5015430000000001,0.02,0.01,-0.2,0,-0.7
0.3370285,-0.5015430000000001,0.24,0.28,-0.2,0,-0.7
0.31475840000000005,-0.5015430000000001,0.2,0.18,-0.2,0,-0.7
-0.12508903,-0.5015430000000001,0.2,0.18,-0.2,0,-0.7
-0.12508903,0.0,0.2,0.18,-0.4,0,-0.7
-0.019187473,0.0,0.2,0.18,-0.4,0,-0.6
0.1424478,0.0,0.2,0.18,-0.4,0,-0.6
0.1424478,-0.575067,0.2,0.18,-0.6999999999999998,0,-0.6
0.14994612,-0.575067,0.23,0.36,-0.6999999999999998,0,-0.5
0.07339275,0.0,0.23,0.36,-0.25,0,-0.5
-0.012117565,0.0,0.29,0.6,-0.25,0,-0.7
0.100265,0.0,0.29,0.6,-0.25,0,-0.8
0.100265,-0.553887,0.29,0.6,0.1,0,-0.8
0.13218069,-0.553887,0.26,0.29,0.1,0,-0.9
-0.035621718,-0.553887,0.26,0.29,0.1,0,-0.9
0.3809083,-0.553887,0.26,0.29,0.1,0,-0.9
0.31709868,-0.553887,0.34,0.42,0.1,0,-0.9
0.25241062,-0.7853,0.34,0.42,-0.2349206349206349,0,-0.7
0.3513142,-0.7853,0.34,0.8,-0.2349206349206349,0,-0.7
0.46073654,-0.7853,0.34,0.8,-0.2349206349206349,0,-0.8
0.42384654,-0.7853,0.2,0.27,-0.2349206349206349,0,-0.9
0.2624687,-0.7853,0.2,0.27,-0.2349206349206349,0,-0.9
0.2624687,-0.7853,0.17,0.22,-0.2349206349206349,0,-0.9
0.42356503,-0.7853,0.17,0.22,-0.2349206349206349,0,-0.9
0.44758952,-0.7853,0.23,0.53,-0.2349206349206349,0,-0.9
0.2633062,-0.7853,0.23,0.53,-0.2349206349206349,0,-0.9
0.38735613,-0.7853,0.23,0.53,-0.2349206349206349,0,-0.9
0.38735613,-0.7853,0.29,0.48,-0.2349206349206349,0,-0.7
0.3194166,-0.7853,0.28,0.49,-0.2349206349206349,0,-0.7
0.44799757,-0.7853,0.28,0.49,-0.2349206349206349,0,-0.6
0.3455176,-0.7853,0.28,0.49,-0.2349206349206349,0,-0.6
0.45648912,-0.7853,0.28,0.49,-0.2349206349206349,0,-0.6
0.4598416,-0.7853,0.26,0.26,-0.2349206349206349,0,-0.6
0.4598416,0.5379109999999999,0.26,0.26,0.0,0,-0.4
0.61507773,0.5379109999999999,0.26,0.26,0.0,0,-0.3
0.61507773,0.0,0.26,0.26,-0.2777777777777778,0,-0.5
0.42843467,0.0,0.26,0.26,-0.2777777777777778,0,-0.6
0.11794087,0.0,0.26,0.26,-0.2777777777777778,0,-0.6
0.30248174,0.0,0.26,0.26,-0.2777777777777778,0,-0.6
0.30248174,0.0,0.09,0.33,-0.2777777777777778,0,-0.6
0.30248174,0.0,0.09,0.33,-0.2777777777777778,0,-0.6
0.5363755,0.0,0.09,0.33,-0.2777777777777778,0,-0.6
0.5568804,0.0,0.09,0.33,-0.2777777777777778,0,-0.6
0.54509616,0.0,0.09,0.33,0.0,0,-0.6
0.20928626,0.0,0.09,0.33,0.0,0,-0.6
-0.04886742,0.0,0.09,0.33,0.0,0,-0.6
-0.04886742,-0.710595,0.09,0.33,-0.625,0,-0.6
-0.114538565,-0.710595,0.25,0.32,-0.625,0,-0.6
-0.24066395,-0.710595,0.25,0.32,-0.625,0,-0.6
-0.21622327,-0.710595,0.21,0.41,-0.625,0,-0.6
0.1567988,-0.710595,0.21,0.41,-0.625,0,-0.6
0.35995078,-0.710595,0.21,0.41,-0.625,0,-0.6
0.27312937,-0.699227,0.21,0.41,-0.11574074074074076,0,-0.6
0.10007107,-0.699227,0.21,0.41,-0.11574074074074076,0,-0.6
0.21443819,-0.699227,0.21,0.41,-0.11574074074074076,0,-0.6
0.1946833,-0.699227,0.29,0.4,-0.11574074074074076,0,-0.5
0.22551918,0.0,0.29,0.4,0.0,0,-0.4
0.25880384,0.0,0.22,0.29,0.0,0,-0.3
0.060566686,0.0,0.22,0.29,0.0,0,-0.2
0.17861964,0.0,0.22,0.29,0.0,0,-0.2
0.17861964,-0.764846,0.22,0.29,-0.5,0,0.0
0.3748239,-0.764846,0.22,0.29,-0.5,0,0.0
0.3748239,-0.764846,0.08,0.65,-0.5,0,0.0
0.35228518,-0.764846,0.29,0.55,-0.5,0,0.0
0.38203448,-0.764846,0.27,0.34,-0.5,0,0.0
0.02643979,-0.764846,0.27,0.34,-0.5,0,0.0
0.02643979,-0.545338,0.27,0.34,0.06666666666666665,0,0.0
0.15027723,-0.545338,0.27,0.34,0.06666666666666665,0,0.0
0.21035434,-0.545338,0.16,0.29,0.06666666666666665,0,0.4
-0.098799914,-0.545338,0.16,0.29,0.06666666666666665,0,0.0
0.04115959,-0.545338,0.16,0.29,0.06666666666666665,0,0.4
0.19223996,-0.545338,0.16,0.29,0.06666666666666665,0,0.4
-0.066037394,-0.545338,0.16,0.29,0.06666666666666665,0,0.3
-0.059371985,-0.545338,0.29,0.44,0.06666666666666665,0,0.3
0.2773983,-0.545338,0.29,0.44,0.06666666666666665,0,0.3
0.06450559,-0.545338,0.29,0.44,0.06666666666666665,0,0.3
0.06450559,-0.545338,0.18,0.21,0.06666666666666665,0,0.4
-0.06976086,-0.545338,0.18,0.21,0.06666666666666665,0,0.5
0.45218328,-0.545338,0.18,0.21,0.06666666666666665,0,0.5
0.34063390000000004,-0.545338,0.18,0.21,0.06666666666666665,0,0.5
0.35740190000000005,-0.545338,0.23,0.26,0.06666666666666665,0,0.5
0.37931862,0.0,0.23,0.26,0.0,0,0.5
0.3780384,-0.715638,0.23,0.26,0.07857142857142857,0,0.5
0.023162551,-0.715638,0.23,0.26,0.07857142857142857,0,0.5
0.023162551,-0.715638,0.25,0.47,0.07857142857142857,0,0.5
0.21281229,-0.715638,0.25,0.47,0.07857142857142857,0,0.5
0.3295136,-0.715638,0.25,0.47,0.07857142857142857,0,0.5
0.3295136,-0.715638,0.24,0.24,0.07857142857142857,0,0.5
0.15150112,-0.715638,0.24,0.24,0.07857142857142857,0,0.0
0.28541368,-0.715638,0.24,0.24,0.07857142857142857,0,0.5
0.2609787,-0.715638,0.26,0.37,0.07857142857142857,0,0.5
0.47098467,-0.715638,0.26,0.37,0.07857142857142857,0,0.5
0.3496772,-0.715638,0.26,0.37,0.07857142857142857,0,0.5
0.26947188,-0.807769,0.26,0.37,-0.25,0,0.2
0.29907668,-0.807769,0.2,0.25,-0.25,0,0.0
0.41444322,-0.807769,0.2,0.25,-0.25,0,-0.4
0.5968974,-0.807769,0.2,0.25,-0.25,0,-0.4
-0.30076945,-0.807769,0.2,0.25,-0.25,0,-0.4
0.6143016,-0.807769,0.2,0.25,-0.25,0,-0.4
0.61456186,-0.807769,0.28,0.54,-0.25,0,-0.5
0.56838,-0.65215,0.28,0.54,0.0,0,-0.4
0.53533137,-0.65215,0.15,0.11,0.0,0,-0.5
0.5348773,0.0,0.15,0.11,0.17499999999999996,0,-0.5
0.50808376,0.0,0.06,0.13,0.17499999999999996,0,-0.5
0.5333637,0.0,0.25,0.25,0.17499999999999996,0,-0.3
0.4673020000000001,0.0,0.27,0.22,0.17499999999999996,0,-0.2
0.47697878,0.0,0.27,0.22,0.0,0,0.0
0.43334162,0.0,0.18,0.29,0.0,0,-0.1
0.54491746,0.0,0.18,0.29,0.0,0,-0.2
0.5819486,-0.825398,0.18,0.29,-0.25,0,-0.1
0.5331845000000001,-0.825398,0.16,0.23,-0.25,0,0.0
0.6012755,0.0,0.16,0.23,0.0,0,0.0
0.56218195,0.0,0.16,0.23,0.35,0,-0.1
0.6075246,0.0,-0.08,-0.22,0.35,0,-0.2
0.47664648,0.0,-0.08,-0.22,0.35,0,-0.2
0.5803967,0,-0.08,-0.22,0,0,-0.2
0.3924937,0.0,0.28,0.7,0.16,1,0.2
0.3924937,0.0,0.27,0.27,0.16,1,0.2
0.3924937,0.0,0.35,0.21,0.16,1,0.3
0.20175321,0.0,0.35,0.21,0.16,1,0.3
0.20175321,0.0,0.35,0.21,0.16,1,0.3
0.6528513000000001,0.0,0.35,0.21,0.16,1,0.3
0.6528513000000001,0.0,0.35,0.21,0.16,1,0.2
0.46289352,0.0,0.35,0.21,0.16,1,0.0
0.46289352,0.0,0.35,0.21,0.16,1,0.0
0.3337186,0.0,0.35,0.21,0.16,1,-0.3
0.37358442,0.0,0.39,0.38,0.16,1,-0.4
0.37358442,0.0,0.39,0.38,0.16,1,-0.3
0.40210572,0.0,0.39,0.38,0.16,1,-0.3
0.3820633,-0.649859,0.39,0.38,0.0,1,-0.6
0.03989162,-0.649859,0.39,0.38,0.0,1,-0.4
0.03989162,-0.649859,0.45,0.47,0.0,1,-0.2
0.31687150000000003,-0.649859,0.45,0.47,0.0,1,-0.2
0.5741782,-0.649859,0.45,0.47,0.0,1,-0.2
0.5741782,-0.649859,0.45,0.47,0.0,1,-0.3
0.012290534,-0.649859,0.45,0.47,0.0,1,-0.3
0.012290534,0.6045520000000001,0.45,0.47,0.2857142857142857,1,-0.3
0.66214603,0.6045520000000001,0.45,0.47,0.2857142857142857,1,-0.2
0.66214603,-0.523352,0.45,0.47,-0.5,1,-0.2
0.6067736,0.0,0.45,0.47,0.0,1,-0.2
0.46365008,0.0,0.45,0.47,0.0,1,-0.2
0.4562582000000001,0.0,0.45,0.47,0.0,1,-0.2
0.44314936,0.0,0.33,0.31,0.0,1,-0.2
0.44314936,-0.871026,0.33,0.31,0.030000000000000013,1,-0.2
0.28378674,-0.871026,0.33,0.31,0.030000000000000013,1,-0.4
0.15144876,-0.871026,0.33,0.31,0.030000000000000013,1,-0.6
-0.05916979,-0.871026,0.33,0.31,0.030000000000000013,1,-0.6
0.3281415,-0.871026,0.33,0.31,0.030000000000000013,1,-0.6
0.40199023,-0.871026,0.33,0.21,0.030000000000000013,1,-0.6
0.16341195,-0.871026,0.33,0.21,0.030000000000000013,1,-0.6
-0.051560506,-0.871026,0.33,0.21,0.030000000000000013,1,-0.6
0.07855776,-0.871026,0.33,0.21,0.030000000000000013,1,-0.5
0.07855776,0.0,0.33,0.21,-0.16666666666666669,1,-0.5
-0.017468132,0.0,0.39,0.44,-0.16666666666666669,1,-0.5
0.08609429,0.0,0.39,0.44,-0.16666666666666669,1,-0.5
0.14246814,0.0,0.38,0.24,-0.16666666666666669,1,-0.5
0.03838508,0.0,0.38,0.24,-0.16666666666666669,1,-0.5
0.053560775,-0.665157,0.38,0.24,-0.22499999999999992,1,-0.5
-0.03189425,-0.665157,0.52,0.45,-0.22499999999999992,1,-0.5
-0.03189425,0.0,0.52,0.45,0.018749999999999958,1,-0.4
0.24479740000000005,0.0,0.52,0.45,0.018749999999999958,1,-0.4
0.24479740000000005,0.0,0.51,0.26,0.018749999999999958,1,-0.4
0.18538737,0.0,0.44,0.39,0.018749999999999958,1,-0.4
0.33417034,0.0,0.44,0.39,0.018749999999999958,1,0.0
0.5028675,0.0,0.44,0.39,0.018749999999999958,1,-0.6
0.5028675,0.0,0.41,0.87,0.018749999999999958,1,-0.5
0.47767478,0.0,0.41,0.87,0.018749999999999958,1,-0.5
0.5144689,0.0,0.34,0.27,0.018749999999999958,1,-0.5
0.4334694000000001,0.0,0.34,0.27,0.018749999999999958,1,-0.4
0.22432399,0.0,0.34,0.27,0.018749999999999958,1,-0.4
0.22432399,0.0,0.31,0.37,0.018749999999999958,1,-0.4
0.3782003,0.0,0.31,0.37,0.018749999999999958,1,-0.4
0.35742724,0.0,0.28,0.12,0.018749999999999958,1,-0.4
0.22069962,0.0,0.28,0.12,0.018749999999999958,1,-0.4
0.09176419,0.0,0.28,0.12,0.018749999999999958,1,-0.4
0.09176419,0.514231,0.28,0.12,0.0,1,-0.4
0.09176419,0.514231,0.47,0.37,0.0,1,-0.4
0.26902217,0.514231,0.47,0.37,0.0,1,-0.4
0.26902217,0.514231,0.44,0.44,0.0,1,-0.3
0.16403022,0.514231,0.44,0.44,0.0,1,-0.3
0.12659986,0.514231,0.6,0.56,0.0,1,-0.3
0.12659986,-0.563738,0.6,0.56,-0.6999999999999998,1,-0.3
0.2290726,-0.563738,0.6,0.56,-0.6999999999999998,1,-0.2
0.13920988,-0.563738,0.37,0.5,-0.6999999999999998,1,-0.5
0.124157265,0.0,0.37,0.5,0.27,1,-0.5
0.15245578,0.0,0.51,0.5,0.27,1,-0.5
0.16404721,0.0,0.48,0.63,0.27,1,-0.5
0.056354634,0.0,0.48,0.63,0.27,1,-0.5
0.274765,0.0,0.48,0.63,0.27,1,-0.5
0.21112828,0.0,0.5,0.56,0.27,1,-0.5
0.13860150000000002,0.0,0.23,0.27,0.27,1,-0.5
0.33006418,0.0,0.23,0.27,0.27,1,-0.5
0.12097606,0.0,0.23,0.27,0.27,1,-0.5
0.27181545,0.0,0.23,0.27,0.27,1,-0.5
-0.19688466,0.0,0.23,0.27,0.27,1,-0.4
-0.19688466,0.0,0.23,0.27,0.27,1,-0.4
0.46637687,0.0,0.23,0.27,0.27,1,-0.4
0.46637687,0.0,0.52,0.52,0.27,1,-0.4
0.46888995,0.0,0.52,0.52,0.27,1,-0.4
0.49767464,0.0,0.29,0.19,0.27,1,-0.4
0.36510578,0.0,0.29,0.19,0.27,1,-0.4
0.48447186,0.0,0.29,0.19,0.27,1,-0.4
0.48447186,0.0,0.37,0.7,0.27,1,-0.4
0.4174339,0.0,0.4,0.55,0.27,1,-0.4
0.2654323,0.0,0.4,0.55,0.27,1,-0.4
-0.17364842,0.0,0.4,0.55,0.27,1,-0.4
0.09679757,0.0,0.4,0.55,0.27,1,-0.3
0.1280846,0.0,0.42,0.24,0.27,1,-0.3
0.1280846,0.0,0.27,0.55,0.27,1,-0.3
0.12851653,0.6940470000000001,0.27,0.55,-0.5,1,-0.3
0.112770855,0.6940470000000001,0.42,0.37,-0.5,1,-0.3
0.17814468,0.6940470000000001,0.62,0.54,-0.5,1,-0.3
0.17905009,0.6940470000000001,0.38,0.54,-0.5,1,-0.3
0.31645359999999995,0.6940470000000001,0.38,0.54,-0.5,1,-0.3
0.20658453,0.6940470000000001,0.38,0.54,-0.5,1,-0.3
0.18364924,0.6940470000000001,0.39,0.29,-0.5,1,-0.3
0.22761771,0.6940470000000001,0.28,0.28,-0.5,1,-0.5
0.34933358,0.6940470000000001,0.28,0.28,-0.5,1,-0.5
0.34933358,0.6940470000000001,0.35,0.6,-0.5,1,-0.6
0.2116745,0.6940470000000001,0.35,0.6,-0.5,1,-0.6
0.2116745,0.0,0.35,0.6,0.07500000000000001,1,-0.6
0.10884649999999997,0.0,0.35,0.6,0.07500000000000001,1,-0.6
0.27222496,0.0,0.35,0.6,0.07500000000000001,1,-0.6
0.20123899,0.0,0.28,0.52,0.07500000000000001,1,-0.6
0.04480599,0.0,0.28,0.52,0.07500000000000001,1,-0.8
0.20427375,0.0,0.28,0.52,0.07500000000000001,1,-0.8
0.20427375,0.0,0.26,0.26,0.07500000000000001,1,-0.7
0.3004225,0.0,0.33,0.59,0.07500000000000001,1,-0.7
0.039564416,0.0,0.33,0.59,0.07500000000000001,1,-0.7
0.1874607,0.0,0.33,0.59,0.07500000000000001,1,-0.7
0.26944320000000005,0.0,0.42,0.67,0.07500000000000001,1,-0.7
0.15887946,0.0,0.42,0.67,0.07500000000000001,1,-0.7
0.047729895,0.0,0.42,0.67,0.07500000000000001,1,-0.7
0.15176266,0.0,0.42,0.67,0.07500000000000001,1,-0.6
0.5375186,0.0,0.46,0.25,0.07500000000000001,1,-0.6
0.27899440000000003,0.0,0.46,0.25,0.07500000000000001,1,-0.6
0.27899440000000003,0.0,0.28,0.21,0.07500000000000001,1,-0.6
-0.023360133,0.0,0.28,0.21,0.07500000000000001,1,-0.6
-0.023360133,0.0,0.28,0.21,0.0,1,-0.6
0.04827492,0.0,0.6,0.74,0.0,1,-0.6
0.032636955,0.0,0.6,0.74,0.0,1,-0.6
0.0008223019500000001,0.0,0.43,0.34,0.0,1,-0.6
0.32859048,0.0,0.43,0.34,0.0,1,-0.6
0.033750456,0.0,0.43,0.34,0.0,1,-0.6
0.033750456,0.0,0.43,0.34,0.0,1,-0.6
0.033750456,0.0,0.09,0.32,0.0,1,-0.6
0.27877235,0.0,0.09,0.32,0.0,1,-0.6
0.27877235,0.0,0.09,0.32,0.0,1,-0.6
0.0033034459,0.0,0.09,0.32,0.0,1,-0.6
0.0033034459,0.0,0.09,0.32,0.1,1,-0.6
0.21551679,0.0,0.09,0.32,0.1,1,-0.6
0.4379366,0.0,0.09,0.32,0.1,1,-0.6
0.4379366,0.0,0.26,0.41,0.1,1,-0.6
0.17922461,0.0,0.26,0.41,0.1,1,-0.6
0.17922461,0.797501,0.26,0.41,0.1,1,-0.6
0.17922461,0.797501,0.32,0.42,0.1,1,-0.6
0.012893558,0.797501,0.32,0.42,0.1,1,-0.6
0.012893558,0.797501,0.32,0.42,0.1,1,-0.6
0.28709206,0.797501,0.32,0.42,0.1,1,-0.6
0.28709206,0.797501,0.08,0.12,0.1,1,-0.6
0.090984546,0.797501,0.08,0.12,0.1,1,-0.6
-0.018661566,0.797501,0.08,0.12,0.1,1,-0.6
0.26056284,0.797501,0.08,0.12,0.1,1,-0.6
0.18280198,0.0,0.08,0.12,-0.5,1,-0.6
0.18280198,0.0,0.39,0.68,-0.5,1,-0.6
0.002618622,0.0,0.39,0.68,-0.5,1,-0.7
-0.033318266,0.0,0.42,0.33,-0.5,1,-0.7
0.2932465,0.0,0.29,0.63,-0.5,1,-0.7
0.0035803989,0.0,0.29,0.63,-0.5,1,-0.7
0.0035803989,0.752239,0.29,0.63,0.1314814814814815,1,-0.7
0.1169786,0.752239,0.29,0.63,0.1314814814814815,1,-0.7
0.1169786,0.752239,0.34,0.1,0.1314814814814815,1,-0.7
-0.021851845,0.752239,0.34,0.1,0.1314814814814815,1,-0.7
0.17914015,0.752239,0.34,0.1,0.1314814814814815,1,-0.7
0.17914015,0.752239,0.37,0.27,0.1314814814814815,1,-0.7
0.20717798,0.752239,0.33,0.35,0.1314814814814815,1,-0.7
0.106137216,0.752239,0.33,0.35,0.1314814814814815,1,-0.5
-0.15678768,0.752239,0.33,0.35,0.1314814814814815,1,-0.5
0.28509748,0.752239,0.33,0.35,0.1314814814814815,1,-0.5
0.28509748,0.752239,0.42,0.62,0.1314814814814815,1,-0.7
0.0666624,0.752239,0.42,0.62,0.1314814814814815,1,-0.8
0.0666624,0.0,0.42,0.62,0.0,1,-1.0
0.20743333,0.0,0.42,0.62,0.0,1,-1.0
0.20743333,0.0,0.5,0.24,0.0,1,-1.0
0.088357694,0.0,0.5,0.24,0.0,1,-1.0
0.13756011,0.0,0.34,0.06,0.0,1,-0.9
0.29048288,0.0,0.34,0.06,0.0,1,-0.9
0.20874408,0.0,0.48,0.48,0.0,1,-0.9
0.056433063,0.0,0.48,0.48,0.0,1,-0.9
0.056433063,-0.865941,0.48,0.48,0.1,1,-0.9
0.056433063,-0.865941,0.49,0.3,0.1,1,-0.9
-0.06520072,-0.865941,0.49,0.3,0.1,1,-1.0
0.04876539,-0.865941,0.49,0.3,0.1,1,-0.9
0.04876539,0.0,0.49,0.3,-0.04999999999999993,1,-0.9
-0.11756927,0.0,0.49,0.3,-0.04999999999999993,1,-0.9
-0.11246382,0.0,0.49,0.3,-0.04999999999999993,1,-0.9
-0.14152062,0.0,0.31,1.43,-0.04999999999999993,1,-0.9
0.18255477,0.0,0.31,1.43,-0.04999999999999993,1,0.0
-0.001605425,0.0,0.31,1.43,-0.04999999999999993,1,-0.9
-0.001605425,0.0,0.31,1.43,-0.04999999999999993,1,-0.9
0.2769935,0.0,0.31,1.43,-0.04999999999999993,1,-0.9
0.11706968,0.0,0.31,1.43,-0.04999999999999993,1,-0.7
0.11706968,0.0,0.4,0.11,-0.04999999999999993,1,-0.8
0.21933237,0.0,0.4,0.11,-0.04999999999999993,1,-0.8
0.38150948,0.0,0.4,0.11,-0.04999999999999993,1,-0.8
0.3455841,0.0,0.3,0.66,-0.04999999999999993,1,-0.8
0.3693426,0.0,0.12,0.3,-0.04999999999999993,1,-0.8
0.4158529,0.0,0.46,0.29,-0.04999999999999993,1,-0.8
0.30392185,0.0,0.46,0.29,-0.04999999999999993,1,-0.8
0.30392185,0.0,0.47,0.51,-0.04999999999999993,1,-0.9
0.3057381,-0.619312,0.47,0.51,-0.6999999999999998,1,-0.9
0.43527585,-0.619312,0.47,0.51,-0.6999999999999998,1,-0.9
0.35348108,-0.619312,0.36,0.27,-0.6999999999999998,1,-0.9
0.20176396,-0.619312,0.36,0.27,-0.6999999999999998,1,-0.9
0.20176396,0.0,0.36,0.27,0.0,1,-0.9
0.3391174000000001,0.0,0.36,0.27,0.0,1,-0.9
0.3391174000000001,0.0,0.22,0.29,0.0,1,-0.9
0.29266053,0.0,0.22,0.29,-0.2,1,-0.9
0.18768609,0.0,0.22,0.29,-0.2,1,-0.9
0.18768609,0.0,0.28,0.28,-0.2,1,-0.8
0.29563498,0.0,0.28,0.28,-0.2,1,-0.8
0.29563498,0.0,0.29,0.61,-0.2,1,-0.7
0.2562562,0.512779,0.29,0.61,0.1,1,-0.7
0.101079896,0.512779,0.29,0.61,0.1,1,-0.7
0.101079896,0.67601,0.29,0.61,0.06455026455026454,1,-0.7
0.25667128,0.67601,0.29,0.61,0.06455026455026454,1,-0.9
0.25667128,0.67601,0.48,0.59,0.06455026455026454,1,-0.9
0.23570058,0.67601,0.48,0.59,0.06455026455026454,1,-0.9
0.30607498,0.67601,0.4,0.37,0.06455026455026454,1,-0.9
0.567006,0.67601,0.4,0.37,0.06455026455026454,1,-0.9
0.26928148,0.67601,0.4,0.37,0.06455026455026454,1,-0.9
0.26928148,0.67601,0.4,0.37,0.06455026455026454,1,-0.9
0.33787647,0.67601,0.39,0.25,0.06455026455026454,1,-0.9
0.32919973,0.67601,0.32,0.35,0.06455026455026454,1,-0.9
0.24369335,0.67601,0.39,0.25,0.06455026455026454,1,-0.9
0.31112498,-0.521362,0.39,0.25,0.3595238095238095,1,-0.9
-0.12077519,-0.521362,0.39,0.25,0.3595238095238095,1,-0.8
-0.12077519,-0.521362,0.38,0.27,0.3595238095238095,1,-0.8
0.1675805,-0.521362,0.38,0.27,0.3595238095238095,1,-0.8
0.33797994,-0.521362,0.38,0.27,0.3595238095238095,1,-0.8
0.22441976,-0.521362,0.38,0.27,0.3595238095238095,1,-0.7
0.27173325,0.5475220000000001,0.38,0.27,0.0,1,-0.7
0.32019138,0.5475220000000001,0.15,0.04,0.0,1,-0.7
0.23097147,0.5475220000000001,0.15,0.04,0.0,1,-0.7
0.36359784,0.5475220000000001,0.15,0.04,0.0,1,-0.7
0.22070324,0.5475220000000001,0.15,0.04,0.0,1,-0.7
0.310949,0.0,0.19,0.22,0.0,0,0.2
0.310949,0.0,0.11,-0.04,0.0,0,0.0
0.310949,0.626093,0.11,-0.04,0.7,0,0.0
0.42070878,0.626093,0.11,-0.04,0.7,0,0.0
0.42070878,0.626093,0.21,0.17,0.7,0,0.0
0.3800917,0.626093,0.21,0.17,0.7,0,-0.3
0.23649225,0.626093,0.21,0.17,0.7,0,0.0
0.23649225,0.626093,0.23,0.11,0.7,0,0.0
0.5229581,0.626093,0.23,0.11,0.7,0,0.0
0.4814725,0.626093,0.23,0.11,0.7,0,0.0
0.4814725,0.626093,0.23,0.11,0.7,0,0.0
0.51357627,0.626093,0.19,0.09,0.7,0,0.0
0.5988313,0.626093,0.19,0.09,0.7,0,0.0
0.5988313,0.626093,0.19,0.09,0.7,0,0.0
0.5667395000000001,0.626093,0.3,0.17,0.7,0,0.0
0.33605647,0.626093,0.3,0.17,0.7,0,0.0
0.6160553000000001,0.626093,0.3,0.17,0.7,0,0.0
0.6160553000000001,0.626093,0.3,0.17,0.7,0,0.0
0.67857105,0.638699,0.3,0.17,0.3375,0,0.2
0.67857105,0.638699,0.14,0.07,0.3375,0,0.2
0.31968406,0.638699,0.14,0.07,0.3375,0,0.2
0.5566288,0.638699,0.14,0.07,0.3375,0,0.2
0.56940645,0.638699,0.35,0.13,0.3375,0,0.3
0.53867865,0.638699,0.29,0.12,0.3375,0,0.3
0.5205531,0.638699,0.26,0.21,0.3375,0,0.3
0.40913212,0.638699,0.26,0.21,0.3375,0,0.3
0.40913212,0.50298,0.26,0.21,0.04999999999999999,0,0.3
0.5494492,0.50298,0.26,0.21,0.04999999999999999,0,0.4
0.43592966,0.50298,0.26,0.21,0.04999999999999999,0,0.2
0.43659863,0.50298,0.32,0.16,0.04999999999999999,0,0.2
0.35227263,0.618368,0.32,0.16,0.0,0,0.2
-0.1962418,0.618368,0.32,0.16,0.0,0,0.2
-0.17357719,0.618368,0.39,0.2,0.0,0,0.3
-0.20588276,0.0,0.39,0.2,0.0,0,0.3
-0.24896935,0.0,0.29,0.21,0.0,0,0.4
-0.26975444,0.0,0.29,0.21,0.39384615384615385,0,0.6
-0.26975444,0.0,0.18,0.06,0.39384615384615385,0,0.5
0.12740259,0.0,0.18,0.06,0.39384615384615385,0,0.3
0.6184014,0.0,0.18,0.06,0.39384615384615385,0,0.0
0.26302102,0.0,0.18,0.06,0.39384615384615385,0,-0.2
0.3925673,0.0,0.18,0.06,0.39384615384615385,0,-0.2
-0.025764972,0.0,0.18,0.06,0.39384615384615385,0,-0.3
-0.025764972,0.0,0.18,0.06,0.39384615384615385,0,-0.4
0.54174787,0.0,0.18,0.06,0.39384615384615385,0,-0.5
0.13601828,0.0,0.18,0.06,0.39384615384615385,0,-0.5
0.13601828,0.0,0.18,0.06,0.39384615384615385,0,-0.5
0.5816794,0.0,0.18,0.06,0.39384615384615385,0,-0.5
0.5816794,0.0,0.1,0.02,0.39384615384615385,0,-0.5
0.28906659999999995,0.0,0.1,0.02,0.39384615384615385,0,-0.5
0.51214373,0.0,0.1,0.02,0.39384615384615385,0,-0.5
0.3979204,0.0,0.1,0.02,0.39384615384615385,0,-0.5
0.5070471999999999,0.0,0.1,0.02,0.39384615384615385,0,-0.5
0.5400158,0.0,0.1,0.22,0.39384615384615385,0,-0.5
0.5664214,0.0,0.19,0.26,0.39384615384615385,0,-0.5
0.5674693000000001,0.0,0.28,0.07,0.39384615384615385,0,-0.5
0.55454457,0.0,-0.02,-0.03,0.39384615384615385,0,-0.5
0.55454457,0.0,-0.02,-0.03,0.05833333333333336,0,-0.5
0.5376023,0.0,0.29,0.27,0.05833333333333336,0,-0.5
0.51639616,0.0,-0.15,-0.26,0.05833333333333336,0,-0.5
0.53350365,0.0,0.24,0.11,0.05833333333333336,0,-0.5
0.54347444,0.0,0.33,0.13,0.05833333333333336,0,-0.5
0.54347444,0.0,0.33,0.13,0.05833333333333336,0,-0.5
0.5269896,0.0,0.33,0.13,0.05833333333333336,0,-0.4
0.58575594,0.0,0.25,0.16,0.05833333333333336,0,-0.6
0.3488774000000001,0.0,0.25,0.16,0.05833333333333336,0,-0.6
0.57733774,0.0,0.25,0.16,0.05833333333333336,0,-0.6
0.45926508,0.0,0.25,0.16,0.05833333333333336,0,-0.6
0.47100654,0.0,0.25,0.16,0.05833333333333336,0,-0.5
0.5329937,0.0,0.04,-0.13,0.05833333333333336,0,-0.5
0.4874718,0.0,0.29,0.17,0.05833333333333336,0,-0.5
0.5241220999999999,0.0,0.11,0.16,0.05833333333333336,0,-0.6
0.41008276,0.0,0.11,0.16,0.05833333333333336,0,-0.6
0.41008276,0.675423,0.11,0.16,0.1933333333333333,0,-0.6
0.4674116,0.675423,0.11,0.16,0.1933333333333333,0,-0.6
0.61748415,0.675423,0.11,0.16,0.1933333333333333,0,-0.6
0.61748415,0.675423,0.11,0.16,0.1933333333333333,0,-0.6
0.5888394,0.675423,0.26,-0.01,0.1933333333333333,0,-0.6
0.6242533,0.675423,0.13,0.07,0.1933333333333333,0,-0.6
0.6275376,0.675423,0.13,0.07,0.1933333333333333,0,-0.6
0.6337849,0.675423,0.31,0.09,0.1933333333333333,0,-0.8
0.6074056,0.675423,0.27,0.07,0.1933333333333333,0,-0.6
0.63357705,0.0,0.27,0.07,0.1,0,-0.6
0.6003381999999999,0.0,0.27,0.07,0.0,0,-0.6
0.6003381999999999,0.0,0.27,0.07,0.0,0,-0.5
0.5984674,0.0,0.3,-0.03,0.0,0,-0.4
0.5984674,-0.501741,0.3,-0.03,0.21666666666666665,0,-0.4
0.59328777,-0.501741,0.27,0.22,0.21666666666666665,0,-0.4
0.59328777,-0.501741,0.27,0.22,0.21666666666666665,0,-0.4
0.57481456,0.0,0.27,0.22,-0.5,0,-0.4
0.5328311,0.0,0.2,0.09,-0.5,0,-0.4
0.56037736,0.0,0.2,0.09,-0.5,0,-0.4
0.56037736,0.0,0.27,0.09,-0.5,0,-0.4
0.6222095,0.0,0.27,0.12,-0.5,0,-0.4
-0.18552694,0.0,0.27,0.12,-0.5,0,-0.4
-0.18552694,0.0,0.27,0.12,-0.5,0,-0.4
0.07202617,0.0,0.27,0.12,-0.5,0,-0.4
0.2802636,0.0,0.27,0.12,-0.5,0,-0.4
0.37844986,0.0,0.33,0.05,-0.5,0,-0.4
0.16256127,0.0,0.33,0.05,-0.5,0,-0.4
0.010969471,0.0,0.33,0.05,-0.5,0,-0.4
0.010969471,0.0,0.33,0.05,0.0,0,-0.3
0.39922488,0.0,0.33,0.05,0.0,0,-0.3
0.21989538,0.0,0.33,0.05,0.0,0,-0.3
0.293673,0.0,0.14,0.07,0.0,0,-0.3
-0.21221083,0.0,0.14,0.07,0.0,0,-0.6
-0.21221083,0.0,0.39,0.29,0.0,0,-0.7
-0.21221083,0.0,0.39,0.29,-0.5,0,-0.8
0.021984484,0.0,0.39,0.29,-0.5,0,0.0
-0.004934199,0.0,0.45,0.57,-0.5,0,-0.8
0.49302986,0.0,0.45,0.57,-0.5,0,-0.8
0.49302986,0.0,0.39,0.25,-0.5,0,-0.8
0.46358573,0.0,0.31,0.38,-0.5,0,-0.7
0.45619795,0.0,0.31,0.38,-0.5,0,-0.9
0.3944834,0.0,0.33,0.11,-0.5,0,-0.9
0.52722037,0.0,0.33,0.11,-0.5,0,-0.9
0.59295255,0.0,0.33,0.11,-0.5,0,-0.9
0.5684358,0.0,0.33,0.11,-1.0,0,-0.7
0.5987244,0.0,0.33,0.11,0.25,0,-0.8
0.6120890999999999,-0.751927,0.33,0.11,0.25,0,-0.8
0.5008217,-0.751927,0.33,0.11,0.25,0,-0.8
0.5008217,-0.751927,0.24,0.09,0.25,0,-0.7
0.4442492,0.0,0.24,0.09,-0.5153846153846154,0,-0.7
0.5680248,0.0,0.24,0.09,-0.5153846153846154,0,-0.7
0.5680248,0.0,0.31,0.18,-0.5153846153846154,0,-0.7
0.5343701999999999,0.0,0.15,0.05,-0.5153846153846154,0,-0.8
0.49127495,0.0,0.15,0.05,-0.5153846153846154,0,-0.9
0.555235,0.0,0.15,0.05,-0.5153846153846154,0,-0.9
0.5473944000000001,0.0,0.38,0.32,-0.5153846153846154,0,-0.8
0.58172834,0.0,0.22,0.06,-0.5153846153846154,0,-0.8
0.4539147,0.0,0.22,0.06,-0.5153846153846154,0,-0.8
0.4539147,0.0,0.23,0.15,-0.5153846153846154,0,-0.8
0.41950256,0.0,0.31,0.09,-0.5153846153846154,0,-0.8
0.41950256,0.0,0.25,0.06,-0.5153846153846154,0,-0.8
0.4380812,0.0,0.25,0.06,-0.4,0,-0.8
0.4380812,0.0,0.25,0.06,-0.4,0,-0.8
0.53953123,0.0,0.25,0.06,-0.4,0,-0.8
0.41768563,0.0,0.25,0.06,-0.4,0,-0.7
0.41768563,0.0,0.25,0.06,-0.4,0,-0.7
0.41768563,0.0,0.28,0.21,-0.4,0,-0.7
0.16058624,0.0,0.28,0.21,-0.4,0,-0.7
0.19725685,0.0,0.22,0.15,-0.4,0,-0.7
0.19725685,0.547938,0.22,0.15,0.2,0,-0.7
0.05434615,0.547938,0.22,0.15,0.2,0,-0.7
0.05434615,-0.778518,0.22,0.15,-0.06666666666666665,0,-0.7
0.1801916,-0.778518,0.46,0.47,-0.06666666666666665,0,-0.7
0.31914932,-0.778518,0.46,0.47,-0.06666666666666665,0,-0.7
0.40978786,-0.778518,0.25,0.31,-0.06666666666666665,0,-0.7
0.049349163,-0.778518,0.25,0.31,-0.06666666666666665,0,-0.7
0.60137564,-0.778518,0.25,0.31,-0.06666666666666665,0,-0.7
0.6131366,-0.778518,0.25,0.31,-0.06666666666666665,0,-0.7
0.55911046,-0.778518,0.25,0.31,-0.06666666666666665,0,-0.7
0.53590584,0.0,0.25,0.31,-0.06666666666666665,0,-0.8
0.46789324,0.0,0.1,-0.06,-0.06666666666666665,0,-0.8
0.5179187,0.0,0.12,0.25,-0.06666666666666665,0,-0.8
0.52069616,0.758602,0.12,0.25,0.30000000000000004,0,-0.8
0.5282039000000001,0.758602,0.32,0.24,0.30000000000000004,0,-0.8
0.41423243,0.758602,0.32,0.24,0.30000000000000004,0,-0.7
0.41423243,0.758602,0.22,0.01,0.30000000000000004,0,-0.7
0.07746358,0.758602,0.22,0.01,0.30000000000000004,0,-0.7
0.07746358,0.0,0.22,0.01,0.0,0,-0.7
0.21089607,0.0,0.22,0.01,0.0,0,-0.6
0.21089607,0.0,0.22,0.01,-0.5,0,-0.6
0.45069376,0.0,0.22,0.01,-0.5,0,-0.7
0.33136466,0.0,0.22,0.01,-0.5,0,-0.8
0.38056225,0.0,0.41,0.24,-0.5,0,-0.7
0.31915462,0.0,0.11,0.03,-0.5,0,-0.5
0.2844929,0.0,0.11,0.03,0.0,0,-0.3
0.24953909,0.701016,0.11,0.03,0.0,0,-0.3
-0.11387235,0.701016,0.11,0.03,0.0,0,-0.3
-0.11387235,0.701016,0.11,0.03,0.0,0,-0.3
0.5222188,0.701016,0.11,0.03,0.0,0,-0.3
0.5222188,0.0,0.11,0.03,0.0,0,-0.3
0.49591836,0.0,0.11,0.03,0.0,0,-0.3
