0.44881874,-0.916667,-0.15,-0.15,0.0,1,0.3
0.44881874,0.0,-0.15,-0.15,0.0,1,0.3
0.5533992,0.0,-0.15,-0.15,0.0,1,0.3
0.42386785,0.0,-0.15,-0.15,0.0,1,0.3
0.27344596,0.0,-0.15,-0.15,0.0,1,0.3
0.45189226,0.0,-0.15,-0.15,0.0,1,0.3
0.45189226,0.0,-0.24,-0.25,0.0,1,0.3
0.347419,0.0,-0.24,-0.25,0.0,1,0.3
-0.0004570596,0.0,-0.24,-0.25,0.0,1,0.3
-0.0004570596,0.0,-0.12,0.2,0.0,1,0.3
-0.014241673,0.0,-0.09,-0.16,0.0,1,0.4
-0.011721119,0.0,-0.15,0.23,0.0,1,0.6
-0.09360297,0.0,-0.15,0.23,0.0,1,0.5
-0.09360297,0.0,-0.03,0.08,0.0,1,0.5
0.07130701,0.0,-0.03,0.08,0.0,1,0.5
0.5626916000000001,0.0,-0.03,0.08,0.0,1,0.5
0.5626916000000001,0.7390369999999999,-0.03,0.08,0.31666666666666665,1,0.5
0.61289066,0.7390369999999999,-0.03,0.08,0.31666666666666665,1,0.5
0.49470484,0.7390369999999999,-0.03,0.08,0.31666666666666665,1,0.3
0.36345905,0.7390369999999999,-0.03,0.08,0.31666666666666665,1,0.2
-0.037391655,0.7390369999999999,-0.03,0.08,0.31666666666666665,1,0.2
-0.037391655,0.7390369999999999,0.04,0.02,0.31666666666666665,1,0.2
0.13425520000000002,0.7390369999999999,0.04,0.02,0.31666666666666665,1,0.2
-0.070062965,0.7390369999999999,0.04,0.02,0.31666666666666665,1,0.0
0.09010476,0.7390369999999999,0.04,0.02,0.31666666666666665,1,0.0
0.09010476,0.7390369999999999,0.11,0.07,0.31666666666666665,1,0.0
0.077498585,0.7390369999999999,0.17,0.16,0.31666666666666665,1,0.0
0.17854987,0.7390369999999999,0.17,0.16,0.31666666666666665,1,0.0
-0.03084264,0.7390369999999999,0.17,0.16,0.31666666666666665,1,0.0
-0.1416496,0.7390369999999999,0.17,0.16,0.31666666666666665,1,0.0
0.1477041,0.7390369999999999,0.17,0.16,0.31666666666666665,1,0.0
0.1477041,0.7390369999999999,0.09,0.28,0.31666666666666665,1,0.1
0.33340317,0.7390369999999999,0.09,0.28,0.31666666666666665,1,0.1
0.09913553,0.7390369999999999,0.09,0.28,0.31666666666666665,1,0.2
0.09913553,0.0,0.09,0.28,0.0,1,0.3
-0.0053803697,0.0,0.09,0.28,0.0,1,0.0
0.14718798,0.0,0.09,0.28,0.0,1,0.4
0.48772475,0.0,0.09,0.28,0.0,1,0.4
0.36525005,0.0,0.09,0.28,0.0,1,0.4
0.32374382,0.0,0.09,0.28,0.0,1,0.5
0.6606145999999999,0.0,0.09,0.28,0.0,1,0.5
0.6434194999999999,0.0,-0.07,0.07,0.0,1,0.6
0.6434194999999999,0.0,-0.07,0.07,0.0,1,0.0
0.6027344,-0.895349,-0.07,0.07,-0.3333333333333333,1,0.7
0.6027344,-0.916667,-0.07,0.07,-0.5,1,0.7
0.6027344,0.589535,-0.07,0.07,0.25,1,0.7
0.5722887,0.515573,-0.07,0.07,0.5333333333333333,1,0.7
0.42782822,0.515573,-0.07,0.07,0.5333333333333333,1,0.0
0.046716496,0.515573,-0.07,0.07,0.5333333333333333,1,-0.4
0.20441523,0.515573,-0.07,0.07,0.5333333333333333,1,-0.2
0.20441523,0.515573,0.01,0.08,0.5333333333333333,1,-0.3
0.23436826,0.0,0.01,0.08,0.14604761904761904,1,-0.3
-0.1420815,0.0,0.01,0.08,0.14604761904761904,1,-0.3
-0.1420815,0.0,0.12,0.14,0.14604761904761904,1,0.0
0.022196181,0.0,0.12,0.14,0.14604761904761904,1,-0.3
-0.1337149,0.0,0.12,0.14,0.14604761904761904,1,-0.4
-0.01194936,0.0,0.12,0.14,0.14604761904761904,1,-0.4
-0.01194936,0.0,-0.07,0.33,0.14604761904761904,1,-0.4
-0.13481349,0.0,-0.07,0.33,0.14604761904761904,1,-0.5
-0.2583861,0.0,-0.07,0.33,0.14604761904761904,1,-0.7
-0.15602918,0.0,-0.07,0.33,0.14604761904761904,1,0.0
-0.089245036,0.0,0.15,0.4,0.14604761904761904,1,0.0
0.6142597,0.0,0.15,0.4,0.14604761904761904,1,0.0
0.57205063,0.0,0.15,0.4,0.14604761904761904,1,0.5
0.6282736999999999,0.0,0.15,0.4,0.14604761904761904,1,0.4
0.6282736999999999,0.0,0.07,0.29,0.14604761904761904,1,0.3
0.6282736999999999,0.8785649999999999,0.07,0.29,0.7,1,0.3
0.41336393,0.8785649999999999,0.07,0.29,0.7,1,0.4
0.5231201,0.8785649999999999,0.07,0.29,0.7,1,0.4
0.35173056,0.8785649999999999,0.07,0.29,0.7,1,0.3
0.35173056,0.729829,0.07,0.29,0.6,1,0.3
-0.16282158,0.729829,0.07,0.29,0.6,1,0.3
-0.29560986,0.729829,0.07,0.29,0.6,1,0.3
-0.13185560000000002,0.729829,0.07,0.29,0.6,1,0.3
-0.13185560000000002,-0.519296,0.07,0.29,-0.20104166666666667,1,0.3
0.08846012,-0.519296,0.07,0.29,-0.20104166666666667,1,0.3
0.08846012,-0.519296,0.07,0.29,-0.20104166666666667,1,0.3
0.65986997,-0.519296,0.07,0.29,-0.20104166666666667,1,0.3
0.6396664000000001,-0.519296,0.12,0.03,-0.20104166666666667,1,0.3
0.59900653,-0.519296,0.12,0.03,-0.20104166666666667,1,0.3
-0.04686623,-0.519296,0.12,0.03,-0.20104166666666667,1,0.3
-0.04686623,-0.519296,0.04,0.19,-0.20104166666666667,1,0.0
0.14618455,-0.519296,0.04,0.19,-0.20104166666666667,1,0.0
-0.21802229,-0.519296,0.04,0.19,-0.20104166666666667,1,0.0
-0.21802229,-0.519296,0.05,0.19,-0.20104166666666667,1,0.0
-0.038564496,-0.519296,0.05,0.19,-0.20104166666666667,1,0.0
0.5902839,-0.519296,0.05,0.19,-0.20104166666666667,1,0.0
0.4419582,-0.519296,0.05,0.19,-0.20104166666666667,1,0.0
0.5234965,-0.519296,0.05,0.19,-0.20104166666666667,1,0.0
0.54228187,-0.519296,0.05,0.19,-0.20104166666666667,1,0.2
0.54228187,-0.519296,0.14,0.26,-0.20104166666666667,1,0.2
0.35991186,-0.519296,0.14,0.26,-0.20104166666666667,1,0.2
0.35991186,-0.519296,0.14,0.26,-0.20104166666666667,1,0.0
0.5195224,-0.519296,0.14,0.26,-0.20104166666666667,1,0.0
0.18721382,-0.519296,0.14,0.26,-0.20104166666666667,1,0.0
0.18721382,-0.519296,0.14,0.26,-0.20104166666666667,1,0.0
0.4534667000000001,-0.519296,0.14,0.26,-0.20104166666666667,1,0.0
0.21059768,-0.519296,0.14,0.26,-0.20104166666666667,1,-0.3
0.22480293,-0.519296,0.09,0.07,-0.20104166666666667,1,-0.2
0.22480293,0.0,0.09,0.07,-0.5,1,-0.2
0.37540424,0.0,0.09,0.07,-0.5,1,-0.2
0.4801163,0.0,0.09,0.07,-0.5,1,-0.2
0.62148595,0.0,0.09,0.07,-0.5,1,-0.2
0.46078095,0.0,0.09,0.07,-0.5,1,0.0
0.39975148,0.0,0.09,0.07,0.3125,1,0.0
-0.123015404,0.0,0.09,0.07,0.3125,1,-0.2
0.5365934,0.0,0.09,0.07,0.3125,1,0.0
0.5546002,0.0,0.06,0.21,0.3125,1,-0.1
0.56315947,0.0,-0.28,-0.32,0.3125,1,-0.1
0.29445857,0.0,-0.28,-0.32,0.3125,1,-0.1
-0.018226124,0.0,-0.28,-0.32,0.3125,1,-0.3
-0.17063123,0.0,-0.28,-0.32,0.3125,1,-0.3
0.26077896,0.0,-0.28,-0.32,0.3125,1,-0.3
0.08828035,0.0,-0.28,-0.32,0.3125,1,-0.4
0.24147423,0.0,-0.28,-0.32,0.3125,1,-0.4
-0.20292139,0.0,-0.28,-0.32,0.3125,1,-0.4
-0.20292139,-0.791351,-0.28,-0.32,-0.059722222222222225,1,-0.4
0.16503519,-0.791351,-0.28,-0.32,-0.059722222222222225,1,-0.4
0.16503519,-0.791351,-0.08,-0.05,-0.059722222222222225,1,-0.5
0.036598176,-0.791351,-0.08,-0.05,-0.059722222222222225,1,-0.5
0.036598176,-0.791351,0.2,0.27,-0.059722222222222225,1,-0.5
0.39201587,-0.791351,0.2,0.27,-0.059722222222222225,1,-0.5
0.5146359,-0.791351,0.18,0.15,-0.059722222222222225,1,-0.5
0.33637553,-0.791351,0.18,0.15,-0.059722222222222225,1,-0.6
0.4952477,-0.791351,0.18,0.15,-0.059722222222222225,1,-0.7
0.19425261,-0.791351,0.18,0.15,-0.059722222222222225,1,-0.8
0.4919597,-0.791351,0.18,0.15,-0.059722222222222225,1,-0.9
0.5752082,-0.791351,-0.11,-0.09,-0.059722222222222225,1,-0.9
-0.006894603399999999,-0.791351,-0.11,-0.09,-0.059722222222222225,1,-0.9
-0.006894603399999999,-0.791351,-0.11,-0.09,-0.059722222222222225,1,-0.8
0.33379164,-0.791351,-0.11,-0.09,-0.059722222222222225,1,-0.8
0.6376286,-0.791351,-0.11,-0.09,-0.059722222222222225,1,-0.8
0.61445445,-0.791351,-0.11,-0.09,-0.059722222222222225,1,-0.7
0.36447415,-0.791351,-0.11,-0.09,-0.059722222222222225,1,-0.7
0.36447415,-0.791351,-0.11,-0.09,-0.059722222222222225,1,-0.7
-0.12498793,-0.791351,-0.11,-0.09,-0.059722222222222225,1,-0.7
0.5026984999999999,-0.791351,-0.11,-0.09,-0.059722222222222225,1,-0.7
0.48488638,-0.791351,0.02,0.17,-0.059722222222222225,1,-0.6
0.48488638,-0.791351,0.02,0.17,-0.059722222222222225,1,-0.6
0.34943002,-0.791351,0.02,0.17,-0.059722222222222225,1,-0.6
0.34943002,0.0,0.02,0.17,-0.059722222222222225,1,-0.6
0.34943002,0.0,0.09,0.46,-0.059722222222222225,1,0.0
0.21136020000000005,0.0,0.09,0.46,-0.059722222222222225,1,-0.6
0.359035,0.0,0.09,0.46,-0.059722222222222225,1,-0.5
0.359035,0.0,0.21,0.2,-0.059722222222222225,1,-0.5
0.359035,-0.660291,0.21,0.2,0.24743589743589745,1,-0.5
0.13401222,-0.660291,0.21,0.2,0.24743589743589745,1,-0.5
-0.045277648,-0.660291,0.21,0.2,0.24743589743589745,1,-0.5
0.37348166,-0.660291,0.21,0.2,0.24743589743589745,1,-0.5
0.5950656999999999,-0.660291,0.21,0.2,0.24743589743589745,1,-0.5
0.5860562,-0.660291,0.16,0.19,0.24743589743589745,1,0.5
0.27542293,-0.660291,0.16,0.19,0.24743589743589745,1,0.2
0.3197268,-0.660291,0.16,0.19,0.24743589743589745,1,0.2
0.42064378,-0.660291,0.16,0.19,0.24743589743589745,1,0.2
-0.110783875,-0.660291,0.16,0.19,0.24743589743589745,1,0.2
-0.110783875,-0.660291,0.16,0.19,0.24743589743589745,1,0.2
0.2686758,-0.660291,0.16,0.19,0.24743589743589745,1,0.0
0.44820872,-0.660291,0.16,0.19,0.24743589743589745,1,0.0
0.55723554,-0.660291,0.16,0.19,0.24743589743589745,1,-0.4
0.2405775,-0.660291,0.16,0.19,0.24743589743589745,1,-0.2
0.06570259,-0.660291,0.16,0.19,0.24743589743589745,1,-0.3
0.07399094,-0.660291,-0.04,0.22,0.24743589743589745,1,-0.3
0.359507,-0.660291,-0.04,0.22,0.24743589743589745,1,-0.3
0.5749008000000001,-0.660291,-0.04,0.22,0.24743589743589745,1,-0.4
0.5749008000000001,-0.660291,0.11,0.21,0.24743589743589745,1,-0.4
0.5511557,0.0,0.11,0.21,0.2275,1,0.0
0.57440674,0.0,0.07,0.1,0.2275,1,0.0
0.44746405,0.0,0.07,0.1,0.2275,1,0.0
0.07200918,0.0,0.07,0.1,0.2275,1,0.0
0.07200918,0.0,0.05,0.21,0.2275,1,0.0
-0.060107812,0.0,0.05,0.21,0.2275,1,0.0
0.046779998,0.0,0.05,0.21,0.2275,1,0.0
-0.038608335,0.0,0.09,0.21,0.2275,1,0.0
-0.031475008,-0.790029,0.09,0.21,0.11746031746031747,1,0.0
0.312733,-0.790029,0.09,0.21,0.11746031746031747,1,0.0
0.59760827,-0.790029,0.09,0.21,0.11746031746031747,1,0.0
0.1808897,-0.790029,0.09,0.21,0.11746031746031747,1,0.0
-0.09244859,-0.790029,0.09,0.21,0.11746031746031747,1,0.0
-0.09244859,-0.790029,0.09,0.21,0.11746031746031747,1,0.0
0.35758168,-0.790029,0.09,0.21,0.11746031746031747,1,0.0
0.1408429,-0.790029,0.09,0.21,0.11746031746031747,1,0.0
0.1408429,-0.790029,0.09,0.21,0.11746031746031747,1,0.0
0.1408429,-0.790029,0.09,0.21,0.11746031746031747,1,0.0
0.32794675,-0.790029,0.09,0.21,0.11746031746031747,1,0.0
0.61075747,-0.790029,0.09,0.21,0.11746031746031747,1,0.0
0.61075747,-0.790029,0.09,0.21,0.11746031746031747,1,0.0
0.61075747,-0.790029,-0.27,0.0,0.11746031746031747,1,0.0
0.43004823,-0.790029,-0.27,0.0,0.11746031746031747,1,0.0
0.43004823,0.0,-0.27,0.0,0.16,1,0.0
0.30171978,0.0,-0.27,0.0,0.16,1,0.0
0.12659138,0.0,-0.27,0.0,0.16,1,0.0
0.12659138,0.756127,-0.27,0.0,0.21714285714285714,1,0.0
0.2556379,0.756127,-0.27,0.0,0.21714285714285714,1,0.0
0.2556379,0.756127,-0.27,-0.1,0.21714285714285714,1,0.0
-0.040375978,0.756127,-0.27,-0.1,0.21714285714285714,1,0.0
0.046934478,0.756127,0.08,0.15,0.21714285714285714,1,0.2
-0.06859972,0.756127,0.08,0.15,0.21714285714285714,1,0.2
-0.026433207,0.756127,-0.1,0.34,0.21714285714285714,1,0.3
-0.14149463,0.756127,-0.1,0.34,0.21714285714285714,1,0.4
0.15359297,0.756127,-0.1,0.34,0.21714285714285714,1,0.4
0.0030233115,0.756127,-0.1,0.34,0.21714285714285714,1,0.6
0.38518637,0.756127,-0.1,0.34,0.21714285714285714,1,0.6
0.5411078,0.756127,-0.1,0.34,0.21714285714285714,1,0.6
0.4014217,0.756127,-0.1,0.34,0.21714285714285714,1,0.7
0.5745531999999999,0.756127,-0.1,0.34,0.21714285714285714,1,0.8
0.5745531999999999,0.756127,-0.03,0.75,0.21714285714285714,1,0.8
0.5964585,0.756127,0.08,0.39,0.21714285714285714,1,0.8
0.6701636999999999,0.756127,0.14,0.17,0.21714285714285714,1,0.8
0.62094176,0.756127,0.14,0.17,0.21714285714285714,1,0.7
0.091282964,0.756127,0.14,0.17,0.21714285714285714,1,0.7
0.55273426,0.756127,0.14,0.17,0.21714285714285714,1,0.9
0.55273426,0.756127,0.12,0.11,0.21714285714285714,1,1.0
0.53316915,0.756127,0.12,0.11,0.21714285714285714,1,1.0
0.53316915,0.756127,0.12,0.11,0.21714285714285714,1,0.9
-0.21940008,0.756127,0.12,0.11,0.21714285714285714,1,0.9
-0.21940008,0.756127,0.12,0.11,0.21714285714285714,1,0.9
0.52873015,0.756127,0.12,0.11,0.21714285714285714,1,1.0
0.52873015,0.756127,0.12,0.11,0.21714285714285714,1,1.0
0.6000073,0.756127,0.12,0.11,0.21714285714285714,1,1.0
0.43737167,0.756127,0.12,0.11,0.21714285714285714,1,1.0
0.55674875,0.756127,0.12,0.11,0.21714285714285714,1,0.9
0.55674875,0.756127,-0.07,0.13,0.21714285714285714,1,0.0
0.38718665,0,-0.07,0.13,0,1,0.9
-0.03881046,0,-0.07,0.13,0,1,0.9
0.20589013,0,-0.07,0.13,0,1,0.9
0.14022788,0,-0.14,-0.09,0,1,0.9
0.3665888,0,-0.14,-0.09,0,1,0.9
-0.014951393,0,-0.14,-0.09,0,1,0.9
0.18880093,0,-0.14,-0.09,0,1,0.8
0.18880093,0,-0.05,0.26,0,1,0.8
0.38928747,0,-0.05,0.26,0,1,0.8
-0.059740573,0,-0.05,0.26,0,1,0.8
-0.059740573,0,0,0,0,1,0.8
0.20120758,0,0,0,0,1,0.8
0.57541984,0,0,0,0,1,0.8
0.6350064999999999,0.0,0.09,-0.07,0.0,0,0.2
0.6350064999999999,0.0,-0.03,0.12,0.0,0,0.2
0.36126095,0.0,-0.03,0.12,0.0,0,0.2
0.36126095,0.0,-0.08,0.01,0.0,0,0.0
0.53946257,0.0,-0.08,0.01,0.0,0,0.0
0.58040845,-0.741574,-0.08,0.01,-0.525,0,0.1
-0.37596455,-0.741574,-0.08,0.01,-0.525,0,0.1
-0.37596455,-0.741574,-0.11,-0.17,-0.525,0,0.0
-0.15980944,-0.741574,-0.11,-0.17,-0.525,0,-0.3
0.024271414,-0.741574,-0.11,-0.17,-0.525,0,-0.2
0.024271414,-0.741574,0.14,-0.01,-0.525,0,0.0
0.55038065,-0.741574,0.14,-0.01,-0.525,0,-0.2
0.4449609000000001,-0.741574,0.14,-0.01,-0.525,0,-0.2
0.6082118000000001,-0.741574,0.14,-0.01,-0.525,0,0.0
0.6527764,-0.741574,0.12,-0.04,-0.525,0,0.0
0.63557637,-0.531292,0.12,-0.04,-0.5,0,0.0
-0.097241774,-0.531292,0.12,-0.04,-0.5,0,0.0
0.30379173,-0.531292,0.12,-0.04,-0.5,0,0.0
0.30379173,-0.531292,0.17,0.03,-0.5,0,0.0
0.40531757,-0.531292,0.17,0.03,-0.5,0,0.0
0.37496182,0.0,0.17,0.03,0.2857142857142857,0,0.0
-0.12857965,0.0,0.17,0.03,0.2857142857142857,0,0.0
-0.12857965,0.5043770000000001,0.17,0.03,0.0,0,0.0
-0.12857965,0.5043770000000001,0.19,-0.01,0.0,0,0.0
0.030418908,0.5043770000000001,0.19,-0.01,0.0,0,0.0
0.14139825,0.5043770000000001,0.19,-0.01,0.0,0,0.0
0.34406233,0.5043770000000001,0.19,-0.01,0.0,0,0.0
0.34406233,0.0,0.19,-0.01,0.0,0,0.0
0.22648984,0.0,0.19,-0.01,0.0,0,0.0
0.22648984,0.0,0.19,-0.01,0.4,0,0.0
0.0015168376,0.0,0.19,-0.01,0.4,0,0.0
0.0015168376,0.0,0.0,-0.1,0.4,0,0.0
0.04782487,0.0,0.0,-0.1,0.35714285714285715,0,0.0
0.15153329999999998,0.0,0.0,-0.1,0.35714285714285715,0,0.0
0.22444107,0.0,0.21,-0.01,0.35714285714285715,0,0.0
0.11305611,0.0,0.21,-0.01,0.35714285714285715,0,0.0
0.11305611,0.0,0.1,-0.01,0.35714285714285715,0,-0.2
-0.18260626,0.0,0.1,-0.01,0.35714285714285715,0,-0.2
-0.07953298,0.0,0.1,-0.01,0.35714285714285715,0,-0.2
-0.07953298,0.0,0.05,-0.05,0.35714285714285715,0,-0.2
-0.16275817,0.0,0.05,-0.05,0.0,0,-0.2
-0.13891101,0.0,-0.02,-0.17,0.0,0,-0.2
0.10564412,0.0,-0.02,-0.17,0.0,0,0.0
-0.12295565,0.0,-0.02,-0.17,0.0,0,0.0
-0.12295565,0.0,0.14,0.04,0.0,0,0.0
0.00014996528999999998,0.0,0.14,0.04,0.0,0,0.0
0.00014996528999999998,0.0,0.02,-0.35,0.0,0,0.0
-0.034324236,0.0,0.02,-0.35,-0.1,0,0.0
-0.12492691,0.0,-0.04,-0.29,-0.1,0,0.0
-0.14223823,0.0,0.05,-0.16,-0.1,0,0.0
-0.060506046,0.0,0.09,-0.03,-0.1,0,0.0
-0.059590966,-0.634706,0.09,-0.03,0.2125,0,0.0
-0.120797604,-0.634706,0.19,0.07,0.2125,0,0.0
-0.22253007,-0.634706,0.19,0.07,0.2125,0,-0.2
-0.07105881,-0.634706,0.19,0.07,0.2125,0,-0.2
-0.069903746,-0.634706,0.07,0.07,0.2125,0,-0.2
0.265422,-0.634706,0.07,0.07,0.2125,0,-0.3
0.265422,-0.634706,0.08,-0.14,0.2125,0,-0.4
0.40666103,-0.634706,0.08,-0.14,0.2125,0,-0.4
0.24051496,-0.634706,0.08,-0.14,0.2125,0,-0.4
0.24051496,-0.634706,0.06,-0.12,0.2125,0,-0.4
0.005989276,-0.634706,0.06,-0.12,0.2125,0,-0.4
0.005989276,-0.634706,0.14,0.11,0.2125,0,-0.3
0.119542606,-0.634706,0.14,0.11,0.2125,0,-0.3
-0.06089656,-0.634706,0.14,0.11,0.2125,0,-0.3
0.019115899,-0.634706,0.01,-0.01,0.2125,0,-0.3
-0.07220739,-0.634706,0.11,0.03,0.2125,0,-0.3
-0.08452998,-0.5039600000000001,0.11,0.03,0.025,0,-0.3
-0.08452998,-0.5039600000000001,0.18,-0.02,0.025,0,-0.1
-0.026432097,-0.5039600000000001,0.25,-0.09,0.025,0,-0.2
-0.11479364,0.0,0.25,-0.09,-0.025,0,-0.1
0.110813245,0.0,0.25,-0.09,-0.025,0,-0.1
-0.09724069,0.0,0.25,-0.09,-0.025,0,-0.1
-0.09724069,0.0,0.14,0.03,-0.025,0,0.0
0.25946784,0.0,0.14,0.03,-0.025,0,0.0
0.25946784,0.0,0.18,0.07,-0.025,0,0.0
0.044651136,0.0,0.18,0.07,-0.025,0,0.0
0.044651136,0.0,0.18,0.07,0.0,0,0.0
-0.081702545,0.0,0.18,0.07,0.0,0,0.0
-0.081702545,-0.555349,0.18,0.07,0.0,0,-0.2
-0.13486582,-0.555349,0.2,0.08,0.0,0,-0.2
4.6465546e-05,-0.555349,0.2,0.08,0.0,0,0.0
0.2390631,-0.555349,0.2,0.08,0.0,0,0.0
0.10625271,-0.555349,0.2,0.08,0.0,0,0.0
0.52444214,-0.555349,0.2,0.08,0.0,0,0.0
0.52444214,-0.555349,0.03,-0.04,0.0,0,0.0
0.5085666,-0.555349,0.09,-0.24,0.0,0,0.0
0.37428,-0.555349,0.09,-0.24,0.0,0,0.0
0.37428,0.0,0.09,-0.24,0.0,0,0.0
0.3590225,0.0,0.22,0.11,0.0,0,0.0
0.120357506,0.0,0.22,0.11,0.0,0,0.0
0.120357506,0.0,0.05,-0.14,0.0,0,0.0
0.27355805,0.0,0.05,-0.14,0.0,0,0.0
0.08148654,0.0,0.05,-0.14,0.0,0,0.0
0.06573528,-0.616081,0.05,-0.14,-0.5851851851851851,0,-0.2
0.123493806,-0.701924,0.05,-0.14,-0.5851851851851851,0,-0.2
-0.12189098,-0.701924,0.05,-0.14,-0.5851851851851851,0,0.0
0.15026906,-0.701924,0.05,-0.14,-0.5851851851851851,0,0.0
0.15026906,-0.701924,-0.02,-0.16,-0.5851851851851851,0,0.0
0.48812544,-0.701924,-0.02,-0.16,-0.5851851851851851,0,0.0
0.5552010000000001,0.0,-0.02,-0.16,-0.525,0,-0.2
0.32714152,0.0,-0.02,-0.16,-0.525,0,-0.2
0.32714152,0.0,0.15,0.11,-0.525,0,-0.2
0.2545346,0.0,0.18,0.07,-0.525,0,-0.2
0.40842804,0.0,0.18,0.07,-0.525,0,-0.2
0.2462812,0.0,0.18,0.07,-0.525,0,0.0
0.2462812,0.0,0.29,0.03,-0.525,0,0.0
0.08691746,0.0,0.29,0.03,-0.525,0,0.0
0.2694953,0.0,0.29,0.03,-0.525,0,0.0
0.09902579,0.0,0.29,0.03,-0.525,0,0.0
-0.098518014,0.0,0.29,0.03,-0.525,0,0.0
-0.098518014,0.0,0.27,0.15,-0.525,0,0.0
0.032643843,0.0,0.27,0.15,-0.525,0,0.0
-0.1384793,0.0,0.27,0.15,-0.525,0,0.0
-0.1384793,0.0,0.15,0.05,-0.525,0,0.0
-0.010220826,0.0,0.15,0.05,-0.525,0,0.0
-0.010220826,-0.62702,0.15,0.05,-0.5,0,0.0
0.49983498,-0.62702,0.15,0.05,-0.5,0,0.0
0.37615874,-0.62702,0.15,0.05,-0.5,0,-0.2
0.37615874,0.0,0.15,0.05,0.04444444444444442,0,-0.2
0.5660092,0.0,0.15,0.05,0.04444444444444442,0,-0.2
0.47921246,0.0,0.17,0.16,0.04444444444444442,0,-0.3
0.6202319000000001,0.0,0.17,0.16,0.04444444444444442,0,-0.3
0.6202319000000001,-0.582184,0.17,0.16,-0.02592592592592593,0,-0.4
0.5934236999999999,-0.582184,0.14,0.03,-0.02592592592592593,0,-0.9
0.5807538000000001,-0.582184,0.3,0.07,-0.02592592592592593,0,-0.7
0.39585966,-0.582184,0.3,0.07,-0.02592592592592593,0,-0.5
0.39946473,-0.582184,0.11,-0.19,-0.02592592592592593,0,-0.5
0.1895333,-0.582184,0.11,-0.19,-0.02592592592592593,0,-0.5
0.4242831,-0.582184,0.11,-0.19,-0.02592592592592593,0,-0.5
0.3980661,-0.582184,0.23,0.15,-0.02592592592592593,0,-0.4
0.3085992,-0.582184,0.17,-0.07,-0.02592592592592593,0,-0.4
0.45371547,-0.582184,-0.01,-0.13,-0.02592592592592593,0,-0.3
0.25289520000000004,-0.582184,-0.01,-0.13,-0.02592592592592593,0,-0.3
0.1342142,-0.582184,-0.01,-0.13,-0.02592592592592593,0,-0.3
0.2714786,-0.582184,-0.01,-0.13,-0.02592592592592593,0,-0.3
0.2714786,0.542759,-0.01,-0.13,0.5481481481481482,0,-0.3
0.22641414,0.542759,0.19,0.25,0.5481481481481482,0,-0.3
0.420399,0.542759,0.19,0.25,0.5481481481481482,0,-0.3
0.420399,0.542759,0.19,0.08,0.5481481481481482,0,-0.3
0.34074718,0.542759,0.2,0.1,0.5481481481481482,0,-0.3
0.19909443,0.542759,0.2,0.1,0.5481481481481482,0,-0.2
0.026198326,0.542759,0.2,0.1,0.5481481481481482,0,-0.2
-0.085855976,0.542759,0.2,0.1,0.5481481481481482,0,0.0
-0.085855976,0.542759,0.18,0.18,0.5481481481481482,0,0.0
-0.013554439,-0.629042,0.18,0.18,0.25,0,0.0
0.16093294,-0.629042,0.18,0.18,0.25,0,0.0
0.16093294,-0.629042,0.22,0.2,0.25,0,0.0
0.37305292,-0.629042,0.22,0.2,0.25,0,0.0
0.60400593,-0.629042,0.22,0.2,0.25,0,0.0
0.60400593,-0.554532,0.22,0.2,0.8,0,0.0
0.35084355,-0.554532,0.22,0.2,0.8,0,0.0
0.50682044,-0.554532,0.22,0.2,0.8,0,0.0
0.50682044,-0.554532,0.31,0.22,0.8,0,0.0
0.3387332,-0.554532,0.31,0.22,0.8,0,0.0
0.47432932,-0.554532,0.31,0.22,0.8,0,0.0
0.30292052,-0.554532,0.31,0.22,0.8,0,0.0
0.34667733,-0.554532,0.27,0.17,0.8,0,0.0
0.6481775,-0.554532,0.27,0.17,0.8,0,0.0
0.64426935,0.0,0.27,0.17,0.0,0,0.0
0.54143786,0.0,0.27,0.17,0.0,0,0.0
0.42751256,0.0,0.27,0.17,0.0,0,0.0
0.42751256,0.0,0.27,0.17,-0.25,0,0.0
0.5959795999999999,0.0,0.27,0.17,-0.25,0,0.0
0.5326861999999999,-0.846625,0.27,0.17,-0.8,0,0.0
0.6011751999999999,-0.846625,0.11,0.09,-0.8,0,0.0
0.5963975,-0.846625,0.09,-0.0,-0.8,0,0.0
0.44988987,-0.846625,0.09,-0.0,-0.8,0,0.0
0.5839181999999999,-0.846625,0.09,-0.0,-0.8,0,-0.1
0.5839181999999999,0.0,0.09,-0.0,0.0,0,-0.2
0.40549475,0.0,0.09,-0.0,0.0,0,-0.2
0.40549475,0.0,0.2,0.13,0.0,0,-0.2
0.18062437,0.0,0.2,0.13,0.0,0,-0.1
0.083408356,0.0,0.06,-0.15,0.0,0,-0.2
-0.06538424,0.0,0.06,-0.15,0.0,0,-0.2
-0.06538424,0.0,0.06,-0.15,0.4375,0,-0.2
0.038711004,0.0,0.06,-0.15,0.4375,0,-0.3
0.22620483,0.0,0.06,-0.15,0.4375,0,-0.3
-0.07486947,0.0,0.06,-0.15,0.4375,0,-0.3
-0.13818432,0.0,0.17,0.07,0.4375,0,-0.5
-0.11030479,0.0,0.16,0.08,0.4375,0,-0.5
0.20912555,0.0,0.16,0.08,0.4375,0,-0.5
0.20912555,0.0,0.16,0.08,0.09523809523809523,0,-0.5
0.16082603,0.0,0.13,0.02,0.09523809523809523,0,-0.6
0.16082603,0.0,0.13,0.02,0.09523809523809523,0,-0.6
0.11828823,0.0,0.13,0.02,0.09523809523809523,0,-0.6
-0.15640734,0.0,0.13,0.02,0.09523809523809523,0,-0.6
-0.16885713,0.0,0.14,-0.02,0.09523809523809523,0,-0.6
0.1319521,0.0,0.14,-0.02,0.09523809523809523,0,-0.6
-0.19747779,0.0,0.14,-0.02,0.09523809523809523,0,-0.7
-0.19747779,0.0,0.09,-0.06,0.09523809523809523,0,-0.7
-0.10011692,0.543744,0.09,-0.06,0.0,0,-0.8
-0.10011692,0.543744,0.26,0.15,0.0,0,-0.8
-0.04445999,0.543744,0.19,0.21,0.0,0,-0.7
0.008429483,-0.703593,0.19,0.21,-0.18703703703703706,0,-0.7
-0.09403901,-0.703593,0.19,0.21,-0.18703703703703706,0,-0.7
0.22768942,-0.703593,0.19,0.21,-0.18703703703703706,0,-0.7
0.22768942,-0.703593,0.11,-0.03,-0.18703703703703706,0,0.0
-0.0134950355,-0.703593,0.11,-0.03,-0.18703703703703706,0,-0.7
-0.0014792681,0.0,0.11,-0.03,0.225,0,-0.7
0.43392083,0.0,0.11,-0.03,0.225,0,-0.7
0.016262174,0.0,0.11,-0.03,0.225,0,-0.7
-0.06000182,0.0,0.27,0.25,0.225,0,-0.7
0.054523803,0.0,0.27,0.25,0.225,0,-0.7
0.07303526,0.0,0.11,0.11,0.225,0,-0.7
0.19166471,0.0,0.11,0.11,0.225,0,-0.5
0.4642187,0.0,0.11,0.11,0.225,0,-0.5
0.35480544,0.0,0.11,0.11,0.225,0,-0.5
0.35480544,-0.90246,0.11,0.11,-0.13111111111111112,0,-0.5
0.111994535,-0.90246,0.11,0.11,-0.13111111111111112,0,-0.5
0.17644778,-0.90246,0.15,0.19,-0.13111111111111112,0,-0.5
0.082737565,0.0,0.15,0.19,-0.13111111111111112,0,-0.3
0.2170748,0.0,0.15,0.19,-0.13111111111111112,0,-0.2
-0.011674225,0.0,0.15,0.19,-0.13111111111111112,0,-0.2
-0.011674225,0.0,-0.05,0.29,-0.13111111111111112,0,-0.2
0.0017515495000000002,0.0,-0.05,0.29,-0.25,0,-0.2
-0.18627143,0.0,-0.05,0.29,-0.25,0,-0.2
-0.18627143,0.0,0.27,0.22,-0.25,0,-0.2
-0.23854539,-0.778172,0.27,0.22,0.25,0,-0.1
-0.04419644,-0.778172,0.27,0.22,0.25,0,-0.1
-0.04419644,-0.778172,0.34,0.39,0.25,0,-0.1
-0.06553099999999999,-0.778172,0.19,0.25,0.25,0,-0.1
-0.08082716,-0.778172,0.23,0.24,0.25,0,0.0
-0.2108806,-0.778172,0.23,0.24,0.25,0,0.5
-0.2108806,-0.833483,0.23,0.24,-0.3353174603174603,0,0.3
-0.053492084,-0.833483,0.23,0.24,-0.3353174603174603,0,0.0
-0.08128269,-0.833483,0.27,0.32,-0.3353174603174603,0,0.3
-0.02569446,-0.833483,0.13,0.12,-0.3353174603174603,0,0.2
-0.044892862,-0.676038,0.13,0.12,-0.2,0,0.0
-0.049811177000000005,-0.676038,0.23,0.17,-0.2,0,0.0
0.12127535,-0.676038,0.23,0.17,-0.2,0,-0.5
0.12127535,-0.676038,0.1,0.12,-0.2,0,-0.3
0.016251441000000002,-0.676038,0.1,0.12,-0.2,0,-0.2
0.016251441000000002,-0.676038,0.18,-0.01,-0.2,0,0.0
0.07963142,-0.676038,0.22,0.24,-0.2,0,-0.2
-0.21635532,-0.676038,0.22,0.24,-0.2,0,-0.2
0.09112634,-0.676038,0.22,0.24,-0.2,0,-0.2
0.09112634,-0.676038,0.09,0.08,-0.2,0,-0.2
0.06834124,0.0,0.09,0.08,0.16666666666666666,0,-0.2
-0.02991581,0.0,0.3,0.26,0.16666666666666666,0,-0.2
0.13903534,0.0,0.3,0.26,0.16666666666666666,0,-0.2
-0.015538268,0.0,0.3,0.26,0.16666666666666666,0,-0.2
0.1307055,0.0,0.3,0.26,0.16666666666666666,0,-0.2
-0.0128482655,0.0,0.3,0.26,0.16666666666666666,0,-0.1
0.14459227,0.0,0.3,0.26,0.16666666666666666,0,0.0
0.14459227,-0.907411,0.3,0.26,-0.5,0,0.0
-0.047622778,-0.907411,0.3,0.26,-0.5,0,0.0
-0.047622778,-0.907411,0.09,-0.16,-0.5,0,0.0
-0.0349207,-0.893917,0.09,-0.16,-0.3,0,0.0
0.07050354,-0.893917,0.09,-0.16,-0.3,0,-0.3
-0.07851875,-0.893917,0.09,-0.16,-0.3,0,-0.3
0.0994892,-0.893917,0.09,-0.16,-0.3,0,-0.2
0.27750608,-0.893917,0.09,-0.16,-0.3,0,-0.2
0.111453116,-0.893917,0.09,-0.16,-0.3,0,-0.2
0.111453116,-0.893917,0.12,0.08,-0.3,0,-0.2
-0.06177204,-0.893917,0.12,0.08,-0.3,0,-0.2
0.41715643,-0.893917,0.12,0.08,-0.3,0,-0.2
0.41715643,-0.893917,0.18,0.14,-0.3,0,-0.2
-0.08721873,-0.893917,0.18,0.14,-0.3,0,-0.2
-0.08721873,-0.893917,0.16,0.15,-0.3,0,-0.2
0.46440673,-0.893917,0.16,0.15,-0.3,0,-0.2
0.46440673,0.0,0.16,0.15,0.0,0,-0.3
0.46440673,0.0,0.16,0.15,0.0,0,0.0
0.2717675,0.0,0.16,0.15,0.0,0,-0.4
0.45542026,0.0,0.16,0.15,0.0,0,-0.4
0.16021428,0.0,0.16,0.15,0.0,0,-0.3
0.16021428,0.0,0.16,0.15,0.0,0,-0.3
0.58269143,0.0,0.16,0.15,0.0,0,-0.3
0.5546897,-0.887576,0.16,0.15,-0.26,0,-0.3
0.5629265999999999,-0.887576,0.28,0.09,-0.26,0,-0.3
0.47548458,-0.887576,0.11,-0.1,-0.26,0,-0.3
0.30752614,-0.887576,0.11,-0.1,-0.26,0,-0.3
0.30471040000000005,-0.887576,0.23,0.14,-0.26,0,-0.3
0.43035904,-0.887576,0.23,0.14,-0.26,0,0.0
0.40918827,-0.887576,0.18,-0.03,-0.26,0,0.0
0.40918827,-0.502529,0.18,-0.03,0.0,0,0.0
0.5212934,-0.502529,0.18,-0.03,0.0,0,0.0
0.5212934,0.0,0.18,-0.03,0.0,0,0.0
0.37988225,0.0,0.18,-0.03,0.0,0,0.2
0.49856028,0.0,0.18,-0.03,0.0,0,0.2
0.66226006,0.0,0.18,-0.03,0.0,0,0.2
0.6497877,-0.6830350000000001,0.18,-0.03,0.0,0,0.2
0.54462284,-0.6830350000000001,0.18,-0.03,0.0,0,0.2
0.5899810000000001,-0.6830350000000001,0.19,-0.02,0.0,0,0.3
0.6243773,-0.962198,0.19,-0.02,0.0,0,0.3
0.6161767,-0.962198,0.13,-0.24,0.0,0,0.3
0.61687124,0.0,0.13,-0.24,0.375,0,0.3
0.6026984999999999,0.0,0.24,0.12,0.375,0,0.3
0.6026984999999999,0.0,0.21,0.17,0.375,0,0.3
0.539461,0.0,0.21,0.17,0.5,0,0.3
0.5907589,0.0,0.16,-0.04,0.5,0,0.3
0.4503776,0.0,0.16,-0.04,0.5,0,0.1
0.4503776,-0.983985,0.16,-0.04,-0.5,0,0.0
0.62857014,-0.983985,0.16,-0.04,-0.5,0,0.0
0.62857014,-0.983985,-0.09,-0.16,-0.5,0,0.0
0.5577499,0.0,-0.09,-0.16,0.0,0,0.0
0.07638322,0.0,0.16,0.15,0.0,1,-0.3
0.20930144,0.0,0.16,0.08,0.0,1,-0.2
0.20930144,0.0,0.16,0.08,0.4166666666666667,1,-0.2
0.20930144,0.0,0.16,0.08,0.16,1,-0.2
0.33905524,0.0,0.16,0.08,0.16,1,-0.2
0.13605022,0.0,0.16,0.08,0.16,1,-0.2
0.11818257,0.0,0.09,0.36,0.16,1,-0.2
0.09801911,0.0,0.09,0.36,0.1764155844155844,1,-0.3
-0.22347829,0.0,0.09,0.36,0.1764155844155844,1,-0.3
-0.22347829,0.0,-0.01,0.05,0.1764155844155844,1,-0.3
0.036616288,0.0,-0.01,0.05,0.1764155844155844,1,-0.3
-0.22209296,0.0,-0.01,0.05,0.1764155844155844,1,-0.3
-0.22209296,0.0,0.3,0.1,0.1764155844155844,1,-0.3
-0.2149505,0.0,0.85,0.27,0.1764155844155844,1,-0.3
-0.268199,0.0,0.3,0.19,0.1764155844155844,1,-0.3
-0.34735447,0.0,0.34,0.17,0.1764155844155844,1,-0.3
-0.15317698,0.0,0.34,0.17,0.1764155844155844,1,-0.3
-0.36568737,0.0,0.34,0.17,0.1764155844155844,1,-0.3
-0.36568737,0.0,0.44,0.05,0.1764155844155844,1,-0.3
-0.1498463,0.0,0.44,0.05,0.1764155844155844,1,-0.3
-0.2568734,0.0,0.44,0.05,0.1764155844155844,1,-0.3
-0.13492453,0.0,0.44,0.05,0.1764155844155844,1,-0.4
-0.13492453,0.0,0.37,0.12,0.1764155844155844,1,0.2
-0.32305083,0.0,0.37,0.12,0.1764155844155844,1,0.2
-0.2197715,0.0,0.37,0.12,0.1764155844155844,1,0.2
-0.30021542,0.0,0.15,0.01,0.1764155844155844,1,0.2
-0.052189417,0.0,0.15,0.01,0.1764155844155844,1,0.2
-0.06665669,0.0,0.15,0.01,-0.3125,1,0.2
0.5028632000000001,0.0,0.15,0.01,-0.3125,1,0.0
0.5667573,0.0,0.15,0.01,0.11261904761904767,1,0.0
0.54041123,0.0,0.39,0.06,0.11261904761904767,1,0.0
0.5204209,0.0,0.43,0.24,0.11261904761904767,1,0.0
0.32563898,0.0,0.43,0.24,0.11261904761904767,1,0.0
0.2931857,0.0,0.4,0.17,0.11261904761904767,1,0.0
0.24703771,-0.593,0.4,0.17,-0.06,1,0.0
0.24703771,-0.593,0.57,0.25,-0.06,1,0.0
0.042953778,-0.593,0.57,0.25,-0.06,1,0.0
-0.06500211,-0.593,0.57,0.25,-0.06,1,0.0
-0.06500211,-0.593,0.36,0.16,-0.06,1,0.1
0.2854988,-0.593,0.36,0.16,-0.06,1,0.1
0.64981216,-0.593,0.36,0.16,-0.06,1,0.2
0.64981216,-0.593,0.26,0.04,-0.06,1,0.2
0.6533270999999999,-0.593,0.35,0.39,-0.06,1,0.3
0.5794488,-0.593,0.2,0.15,-0.06,1,0.4
0.45778343,-0.593,0.2,0.15,-0.06,1,0.4
0.45778343,-0.593,0.35,0.11,-0.06,1,0.3
0.28044078,-0.593,0.35,0.11,-0.06,1,0.3
0.46578723,-0.593,0.35,0.11,-0.06,1,0.3
0.46578723,-0.593,0.27,0.14,-0.06,1,0.3
0.011435103,-0.593,0.27,0.14,-0.06,1,0.3
0.011435103,0.0,0.27,0.14,0.0,1,0.3
-0.25298294,0.0,0.27,0.14,0.0,1,0.3
-0.25298294,0.0,0.42,0.04,0.0,1,0.3
-0.13330363,0.0,0.3,0.06,0.0,1,0.3
-0.07359496,0.0,0.21,0.04,0.0,1,0.3
-0.07359496,0.0,0.21,0.04,-0.125,1,0.3
-0.23027188,0.0,0.21,0.04,-0.125,1,0.3
-0.23027188,0.0,0.37,0.21,-0.125,1,0.2
-0.22047806,0.0,0.37,0.21,-0.11249999999999996,1,0.0
-0.10030176,0.0,0.37,0.21,-0.11249999999999996,1,-0.2
-0.10030176,-0.575062,0.37,0.21,-0.11249999999999996,1,-0.2
0.4921051,-0.575062,0.37,0.21,-0.11249999999999996,1,-0.2
0.4873536,-0.575062,0.37,0.21,-0.11249999999999996,1,-0.2
0.61799127,-0.575062,0.34,0.11,-0.11249999999999996,1,0.0
0.62380445,-0.575062,0.34,0.11,-0.11249999999999996,1,0.0
0.62380445,-0.575062,0.34,0.11,-0.11249999999999996,1,0.0
0.64607316,-0.575062,0.56,0.56,-0.11249999999999996,1,0.0
0.6388548000000001,-0.575062,0.56,0.56,-0.11249999999999996,1,0.0
0.6151504,-0.575062,0.42,0.23,-0.11249999999999996,1,0.0
0.6519537,-0.575062,0.43,0.25,-0.11249999999999996,1,0.1
0.69031376,-0.575062,0.38,-0.06,-0.11249999999999996,1,0.2
0.6604093000000001,-0.575062,0.29,0.33,-0.11249999999999996,1,0.3
0.6585755,-0.575062,0.3,-0.07,-0.11249999999999996,1,0.4
0.6599206,-0.575062,0.3,-0.07,-0.11249999999999996,1,0.4
0.6493809,0.730121,0.3,-0.07,0.2825,1,0.4
0.68176913,0.730121,0.31,0.33,0.2825,1,0.4
0.5798335,0.730121,0.31,0.33,0.2825,1,0.4
0.5917649,0.730121,0.31,0.33,0.2825,1,0.4
0.62712276,0.730121,0.47,0.19,0.2825,1,0.4
0.41100356,0.730121,0.47,0.19,0.2825,1,0.4
0.41100356,0.730121,0.18,0.08,0.2825,1,0.0
0.41100356,0.730121,0.18,0.08,0.2825,1,0.3
0.42702928,0.0,0.18,0.08,-0.04999999999999999,1,0.3
0.53053486,0.0,0.22,0.34,-0.04999999999999999,1,0.4
0.5716225,0.0,0.18,0.11,-0.04999999999999999,1,0.4
0.53535044,0.0,0.61,0.23,-0.04999999999999999,1,0.4
0.14140394,0.0,0.61,0.23,-0.04999999999999999,1,0.4
0.14140394,0.0,0.61,0.23,-0.04999999999999999,1,0.5
0.3933148,0.0,0.61,0.23,-0.04999999999999999,1,0.5
0.3933148,0.0,0.21,0.0,-0.04999999999999999,1,0.5
0.63523185,0.0,0.21,0.0,-0.04999999999999999,1,0.5
0.37008622,0.0,0.21,0.0,-0.04999999999999999,1,0.5
0.37008622,0.0,0.2,0.1,-0.04999999999999999,1,0.4
0.5662765999999999,0.0,0.2,0.1,-0.04999999999999999,1,0.4
0.5662765999999999,0.0,0.2,0.1,-0.04999999999999999,1,0.0
0.5662765999999999,0.508679,0.2,0.1,-0.04999999999999999,1,-0.3
0.58986944,0.508679,0.2,0.1,-0.04999999999999999,1,-0.3
0.5394968000000001,0.508679,0.21,0.04,-0.04999999999999999,1,-0.3
0.5871225999999999,0.508679,0.21,0.04,-0.04999999999999999,1,-0.4
0.57494485,0.508679,0.21,0.04,-0.04999999999999999,1,-0.4
0.57494485,0.508679,0.06,0.29,-0.04999999999999999,1,-0.4
-0.018297106,0.508679,0.06,0.29,-0.04999999999999999,1,-0.4
0.50321674,0.508679,0.06,0.29,-0.04999999999999999,1,-0.4
0.31023672,0.508679,0.06,0.29,-0.04999999999999999,1,-0.2
0.31023672,0.508679,0.06,0.29,-0.04999999999999999,1,0.0
0.46071094,0.508679,0.06,0.29,-0.04999999999999999,1,0.0
0.46071094,0.508679,0.18,0.02,-0.04999999999999999,1,0.0
-0.3511033,0.508679,0.18,0.02,-0.04999999999999999,1,0.0
0.48612544,0.508679,0.18,0.02,-0.04999999999999999,1,0.0
0.48612544,0.508679,0.11,-0.06,-0.04999999999999999,1,0.0
0.18157057,0.508679,0.11,-0.06,-0.04999999999999999,1,0.0
-0.066161,0.508679,0.11,-0.06,-0.04999999999999999,1,-0.2
-0.22362882,0.508679,0.11,-0.06,-0.04999999999999999,1,-0.3
-0.22362882,0.508679,0.32,0.09,-0.04999999999999999,1,-0.2
0.036413413,0.508679,0.32,0.09,-0.04999999999999999,1,-0.2
0.036413413,0.508679,0.26,0.27,-0.04999999999999999,1,-0.2
-0.07058708,0.508679,0.26,0.27,-0.04999999999999999,1,-0.2
-0.31291938,0.508679,0.26,0.27,-0.04999999999999999,1,-0.2
-0.07641785,0.508679,0.26,0.27,-0.04999999999999999,1,0.0
-0.07641785,-0.508362,0.26,0.27,-0.1,1,0.0
-0.20223671,-0.508362,0.26,0.27,-0.1,1,0.0
-0.20223671,-0.508362,-0.05,-0.01,-0.1,1,0.0
0.21319337,-0.508362,-0.05,-0.01,-0.1,1,0.0
-0.26472053,-0.508362,-0.05,-0.01,-0.1,1,0.0
0.09478731,-0.508362,-0.05,-0.01,-0.1,1,0.0
0.09295288,-0.508362,0.28,0.23,-0.1,1,0.0
-0.08486687,-0.508362,0.28,0.23,-0.1,1,0.0
-0.08486687,-0.508362,0.3,0.16,-0.1,1,0.0
0.06549525,-0.508362,0.3,0.16,-0.1,1,0.0
0.33998844,-0.508362,0.3,0.16,-0.1,1,-0.2
0.1375139,-0.508362,0.3,0.16,-0.1,1,-0.2
0.06778591,-0.508362,0.17,0.0,-0.1,1,-0.2
-0.14113937,-0.508362,0.17,0.0,-0.1,1,-0.1
0.16739553,-0.508362,0.17,0.0,-0.1,1,-0.2
0.25057924,-0.508362,0.17,0.0,-0.1,1,-0.2
0.5941269,-0.508362,0.17,0.0,-0.1,1,-0.2
0.5941269,-0.508362,0.46,0.3,-0.1,1,-0.3
0.63822556,-0.508362,0.28,-0.23,-0.1,1,-0.4
0.524065,-0.508362,0.28,-0.23,-0.1,1,-0.5
0.64196056,-0.508362,0.28,-0.23,-0.1,1,-0.5
0.6122380000000001,-0.563242,0.28,-0.23,-0.6999999999999998,1,-0.5
0.62067777,-0.563242,1.05,0.72,-0.6999999999999998,1,-0.5
0.2890811,-0.563242,1.05,0.72,-0.6999999999999998,1,-0.5
0.2890811,-0.563242,0.4,0.32,-0.6999999999999998,1,-0.5
0.5549415,-0.563242,0.4,0.32,-0.6999999999999998,1,-0.5
0.5549415,-0.563242,0.17,0.28,-0.6999999999999998,1,-0.5
0.38471282,-0.563242,0.17,0.28,-0.6999999999999998,1,-0.5
0.11957276,-0.563242,0.17,0.28,-0.6999999999999998,1,-0.5
-0.20110917,-0.563242,0.17,0.28,-0.6999999999999998,1,-0.5
-0.07802881,-0.563242,0.17,0.28,-0.6999999999999998,1,-0.5
-0.07802881,-0.563242,0.36,0.14,-0.6999999999999998,1,-0.5
0.56098694,-0.563242,0.36,0.14,-0.6999999999999998,1,0.0
0.56098694,-0.563242,0.36,0.14,-0.6999999999999998,1,-0.5
0.6066921,-0.563242,0.48,0.38,-0.6999999999999998,1,-0.5
0.49582285,-0.563242,0.48,0.38,-0.6999999999999998,1,-0.5
0.5587789000000001,-0.563242,0.14,-0.18,-0.6999999999999998,1,-0.5
0.5706151999999999,-0.563242,0.15,-0.08,-0.6999999999999998,1,-0.5
0.5418625,-0.563242,0.33,0.11,-0.6999999999999998,1,0.0
0.4723543,-0.563242,0.33,0.11,-0.6999999999999998,1,0.0
0.23978351,-0.563242,0.33,0.11,-0.6999999999999998,1,0.0
0.23978351,-0.563242,0.46,0.16,-0.6999999999999998,1,0.0
0.36668333,-0.563242,0.46,0.16,-0.6999999999999998,1,0.0
0.36668333,0.0,0.46,0.16,-0.6999999999999998,1,0.0
0.463545,0.0,0.17,0.29,-0.6999999999999998,1,-0.5
0.20842606,0.0,0.17,0.29,-0.6999999999999998,1,-0.4
0.5169366,0.0,0.17,0.29,-0.6999999999999998,1,-0.5
0.5153171,0.0,0.17,0.29,-0.6999999999999998,1,-0.5
0.51424766,0.959997,0.17,0.29,0.8,1,-0.5
0.50424075,0.959997,0.53,0.3,0.8,1,-0.5
0.60413855,0.959997,0.53,0.3,0.8,1,-0.4
0.60413855,-0.664728,0.53,0.3,-0.6999999999999998,1,0.0
0.60413855,-0.664728,0.53,0.3,-0.6999999999999998,1,0.0
0.6162809,0.0,0.53,0.3,-0.8499999999999999,1,0.0
0.54666185,0.0,0.5,0.27,-0.8499999999999999,1,0.0
0.59566104,0.0,0.5,0.27,-0.8499999999999999,1,0.0
0.2985226,0.0,0.5,0.27,-0.8499999999999999,1,0.0
0.2985226,0.0,0.4,0.1,-0.8499999999999999,1,0.0
0.3248423,0.0,0.22,0.09,-0.8499999999999999,1,0.0
0.19246252,0.0,0.22,0.09,-0.8499999999999999,1,-0.3
0.58068025,0.0,0.22,0.09,-0.8499999999999999,1,-0.5
0.58068025,0.0,0.33,0.23,-0.8499999999999999,1,-0.5
0.6025528,0.0,0.33,0.23,-0.8499999999999999,1,-0.6
0.6279923000000001,0.0,0.46,0.16,-0.8499999999999999,1,-0.6
0.60903865,-0.570871,0.46,0.16,-0.10625,1,-0.6
0.6033204000000001,-0.570871,0.46,0.16,-0.10625,1,-0.6
0.6213529000000001,0.524146,0.46,0.16,0.25,1,-0.6
0.60431063,0.524146,0.46,0.16,0.25,1,-0.6
0.5852688,0.524146,0.47,0.28,0.25,1,-0.6
0.14171489,0.524146,0.47,0.28,0.25,1,-0.7
0.14171489,0.524146,0.47,0.28,0.25,1,-0.7
0.56316686,0.524146,0.47,0.28,0.25,1,-0.7
0.56316686,0.524146,0.47,0.28,0.25,1,-0.7
0.65740633,0.695071,0.47,0.28,0.2619047619047619,1,-0.7
0.6443496999999999,0.695071,0.42,0.13,0.2619047619047619,1,-0.7
0.62199366,0.695071,0.42,0.13,0.2619047619047619,1,-0.7
0.62199366,0.695071,0.42,0.13,0.2619047619047619,1,0.0
0.6301175,0.695071,0.3,0.06,0.2619047619047619,1,0.0
0.60191494,0.695071,0.44,-0.0,0.2619047619047619,1,0.5
0.58560216,-0.664728,0.44,-0.0,-0.6999999999999998,1,0.4
0.5946701999999999,-0.664728,0.44,-0.0,-0.6999999999999998,1,0.5
0.5946701999999999,0.0,0.44,-0.0,0.0,1,0.4
0.33112788,0.0,0.44,-0.0,0.0,1,0.4
0.33112788,0.0,0.39,0.08,0.0,1,0.4
0.33112788,0.0,0.39,0.08,0.0,1,0.4
0.5058537999999999,0.0,0.39,0.08,0.0,1,0.3
0.31376848,0,0.39,0.08,0,1,0.5
0.5546727,0,0.39,0.08,0,1,0.5
0.103518456,0.557817,0.19,0.02,0.0,1,-0.5
0.103518456,0.7396010000000001,0.19,0.02,0.2857142857142857,1,-0.5
0.103518456,0.7396010000000001,0.71,0.23,0.2857142857142857,1,-0.4
0.22753462,0.7396010000000001,0.71,0.23,0.2857142857142857,1,-0.4
0.22753462,0.7396010000000001,0.22,-0.19,0.2857142857142857,1,-0.4
0.52218586,0.7396010000000001,0.22,-0.19,0.2857142857142857,1,-0.4
0.52218586,0.7396010000000001,0.3,0.04,0.2857142857142857,1,-0.4
0.5151446,0.7396010000000001,0.16,-0.22,0.2857142857142857,1,-0.4
0.55473924,-0.53005,0.16,-0.22,-0.55,1,-0.5
0.4405442,-0.53005,0.16,-0.22,-0.55,1,-0.5
0.4405442,-0.53005,0.3,-0.01,-0.55,1,-0.5
0.23954803,-0.53005,0.3,-0.01,-0.55,1,-0.5
0.04559634,-0.53005,0.3,-0.01,-0.55,1,-0.6
0.04559634,-0.53005,0.34,0.07,-0.55,1,-0.6
-0.08378179,-0.53005,0.34,0.07,-0.55,1,-0.6
-0.21131143,-0.53005,0.34,0.07,-0.55,1,-0.6
-0.020887531,-0.53005,0.34,0.07,-0.55,1,-0.7
-0.035730757,-0.53005,0.45,0.07,-0.55,1,-0.7
-0.011241123,0.6998840000000001,0.45,0.07,0.2,1,-0.5
-0.2180908,0.6998840000000001,0.45,0.07,0.2,1,-0.5
-0.23049676,0.6998840000000001,0.04,-0.14,0.2,1,-0.5
-0.22799012,0.6998840000000001,0.04,-0.17,0.2,1,-0.5
-0.20020574,0.6998840000000001,0.37,0.07,0.2,1,-0.6
-0.15201753,0.6998840000000001,0.26,-0.14,0.2,1,-0.7
0.42662397,0.6998840000000001,0.26,-0.14,0.2,1,-0.7
0.42662397,0.0,0.26,-0.14,-0.13333333333333333,1,-0.7
-0.08228631,0.0,0.26,-0.14,-0.13333333333333333,1,0.0
-0.099408165,0.0,0.31,0.1,-0.13333333333333333,1,-0.7
0.11696935,0.0,0.31,0.1,-0.13333333333333333,1,-0.4
0.11696935,0.8054279999999999,0.31,0.1,0.3833333333333333,1,0.0
0.11696935,0.8054279999999999,0.06,-0.1,0.3833333333333333,1,0.0
-0.009039648,0.8054279999999999,0.06,-0.1,0.3833333333333333,1,0.0
-0.025332853,0.8054279999999999,0.26,0.01,0.3833333333333333,1,-0.2
0.07715799,0.8054279999999999,0.26,0.01,0.3833333333333333,1,-0.2
0.07715799,0.8054279999999999,0.59,0.32,0.3833333333333333,1,-0.2
-0.06690764,0.8054279999999999,0.59,0.32,0.3833333333333333,1,-0.2
-0.11051506,0.8054279999999999,0.42,0.13,0.3833333333333333,1,0.0
-0.11051506,0.0,0.42,0.13,0.6,1,0.0
-0.035644606,0.0,0.2,-0.13,0.6,1,0.0
-0.013012499,0.0,0.08,-0.26,0.6,1,0.0
0.5298499,0.0,0.08,-0.26,0.6,1,0.0
0.5298499,0.0,0.04,-0.16,0.6,1,0.0
0.56244844,0.0,0.24,0.0,0.6,1,0.0
0.44343022,0.0,0.24,0.0,0.6,1,0.0
0.5084554,0.0,0.2,-0.07,0.6,1,0.0
0.40840983,0.0,0.2,-0.07,0.6,1,0.0
0.40840983,0.0,0.2,-0.07,0.0,1,0.0
0.5388676,0.0,0.2,-0.07,0.0,1,0.0
0.5388676,0.0,0.45,0.1,0.0,1,0.0
0.5388676,0.0,0.45,0.1,0.03333333333333336,1,0.0
0.5388676,0.0,0.45,0.1,0.03333333333333336,1,0.0
0.020283788,0.0,0.45,0.1,0.03333333333333336,1,0.0
0.020283788,0.0,0.56,0.17,0.03333333333333336,1,0.0
0.5587357,0.0,0.56,0.17,0.03333333333333336,1,0.0
0.62908864,0.0,0.02,-0.11,0.03333333333333336,1,0.0
0.6298045,0.0,0.02,-0.11,0.03333333333333336,1,0.0
0.6298045,0.0,0.02,-0.11,0.03333333333333336,1,0.0
0.6255016999999999,0.0,0.39,0.08,0.03333333333333336,1,0.0
0.6226534,0.0,0.46,0.18,0.03333333333333336,1,0.0
0.51491445,0.0,0.46,0.18,0.03333333333333336,1,0.0
0.51491445,0.0,0.33,0.06,0.03333333333333336,1,0.0
0.51503587,0.0,0.33,0.06,0.03333333333333336,1,0.0
0.53213423,0.0,0.33,0.06,-0.5062499999999999,1,0.0
0.6279478000000001,0.0,0.33,0.06,-0.5062499999999999,1,0.0
0.5740079,0.0,0.41,0.1,-0.5062499999999999,1,0.0
0.54464376,0.0,0.29,-0.04,-0.5062499999999999,1,0.0
0.42167255,0.0,0.29,-0.04,-0.5062499999999999,1,0.0
0.5482763,0.0,0.29,-0.04,-0.5062499999999999,1,0.0
0.5482763,0.8804350000000001,0.29,-0.04,0.5,1,0.0
0.52585137,0.8804350000000001,0.29,-0.05,0.5,1,0.0
0.52585137,0.0,0.29,-0.05,0.04999999999999999,1,0.0
0.60137045,0.0,0.27,-0.02,0.04999999999999999,1,0.0
0.5011561,0.0,0.27,-0.02,0.04999999999999999,1,0.0
0.26977283,0.0,0.27,-0.02,0.04999999999999999,1,0.0
0.42374954,0.0,0.27,-0.02,0.04999999999999999,1,0.0
-0.03315953,0.0,0.27,-0.02,0.04999999999999999,1,0.0
-0.03315953,0.0,0.23,0.06,0.04999999999999999,1,0.0
0.40859878,0.0,0.23,0.06,0.04999999999999999,1,0.0
0.46214604,0.0,0.84,0.38,0.04999999999999999,1,0.0
0.35203588,0.0,0.84,0.38,0.04999999999999999,1,0.0
0.2557218,0.0,0.41,-0.03,0.04999999999999999,1,0.0
0.2557218,0.0,0.41,-0.03,0.04999999999999999,1,-0.5
0.27260476,0.0,0.3,-0.01,0.04999999999999999,1,-0.5
0.5199798,0.0,0.3,-0.01,0.04999999999999999,1,-0.3
0.32404727,0.0,0.3,-0.01,0.04999999999999999,1,-0.3
0.32404727,0.0,0.3,-0.01,0.04999999999999999,1,-0.3
0.32404727,0.0,0.3,-0.01,0.04999999999999999,1,-0.3
0.49479038,0.0,0.3,-0.01,0.04999999999999999,1,-0.3
0.49479038,0.0,0.3,-0.01,0.0,1,-0.3
0.55220234,0.0,0.24,0.01,0.0,1,-0.3
0.6600344,0.0,0.24,0.01,0.0,1,-0.2
0.6600344,0.0,0.24,0.01,-0.425,1,-0.2
0.5859494000000001,0.0,0.24,0.01,-0.425,1,-0.2
0.45942223,0.0,0.24,0.01,-0.425,1,-0.2
0.4326686,0.0,0.77,0.41,-0.425,1,-0.2
0.5083662,0.0,0.12,-0.34,-0.425,1,-0.2
0.14482325,0.0,0.12,-0.34,-0.425,1,-0.2
0.13105056,0.0,0.38,0.1,-0.425,1,-0.2
0.021554828,0.0,0.38,0.1,-0.425,1,-0.2
0.021554828,0.0,0.41,0.05,-0.425,1,-0.2
0.021554828,0.736589,0.41,0.05,0.7,1,-0.2
-0.06568692,0.736589,-0.01,-0.1,0.7,1,-0.2
-0.0064083226,0.736589,0.14,-0.14,0.7,1,-0.2
0.017151844,0.0,0.14,-0.14,0.0,1,-0.2
-0.010352761,0.0,0.42,0.02,0.0,1,-0.2
-0.041192994,0.0,0.43,0.08,0.0,1,-0.2
-0.041192994,-0.630383,0.43,0.08,0.05000000000000002,1,0.0
-0.058642037,-0.630383,0.11,-0.2,0.05000000000000002,1,-0.2
0.06743023,-0.630383,0.11,-0.2,0.05000000000000002,1,-0.2
-0.17734715,-0.630383,0.11,-0.2,0.05000000000000002,1,-0.2
-0.17734715,-0.5214340000000001,0.11,-0.2,0.25,1,-0.2
-0.030913234,-0.5214340000000001,0.09,-0.07,0.25,1,-0.2
-0.030913234,0.0,0.09,-0.07,0.25,1,-0.2
0.2796067,0.0,0.09,-0.07,0.25,1,-0.2
0.2796067,0.0,0.45,0.07,0.25,1,-0.2
0.49533692,0.0,0.45,0.07,0.25,1,-0.2
0.49533692,0.0,0.45,0.07,-0.2307692307692308,1,-0.2
0.49533692,0.0,0.05,-0.05,-0.2307692307692308,1,-0.2
0.6371724,0.0,0.05,-0.05,-0.2307692307692308,1,-0.2
0.52469444,0.0,0.05,-0.05,-0.2307692307692308,1,-0.2
0.52469444,0.0,0.2,-0.29,-0.2307692307692308,1,-0.2
0.62885517,0.0,0.2,-0.29,-0.2307692307692308,1,-0.2
0.62885517,0.0,0.25,-0.02,-0.2307692307692308,1,-0.2
0.62885517,0.0,0.29,0.11,-0.2307692307692308,1,-0.2
0.63628507,0.0,0.37,0.03,-0.2307692307692308,1,-0.2
0.5898508000000001,0.0,0.45,0.19,-0.2307692307692308,1,-0.2
0.5898508000000001,0.0,0.45,0.19,0.10000000000000002,1,0.0
0.5898508000000001,0.0,0.45,0.19,0.10000000000000002,1,0.0
0.45833167,0.0,0.45,0.19,0.10000000000000002,1,0.0
0.45833167,0.0,0.4,0.08,0.10000000000000002,1,0.0
0.37597147,0.0,0.4,0.08,0.10000000000000002,1,0.0
0.37597147,0.0,0.26,0.09,0.10000000000000002,1,0.0
0.50967795,0.0,0.26,0.09,0.10000000000000002,1,0.0
0.44788703,0.0,0.1,-0.25,0.10000000000000002,1,-0.1
0.6174957,0.0,0.1,-0.25,0.10000000000000002,1,-0.2
0.6174957,0.0,0.38,0.01,0.10000000000000002,1,-0.2
0.6327971,0.0,0.18,0.03,0.10000000000000002,1,-0.2
0.70546484,0.0,0.18,0.03,0.10000000000000002,1,-0.2
0.63930434,0.0,0.5,0.12,0.10000000000000002,1,-0.2
0.65340775,0.0,0.5,0.12,0.10000000000000002,1,-0.2
0.65340775,0.0,0.29,-0.03,0.10000000000000002,1,-0.2
0.5429768,0.0,0.29,-0.03,0.10000000000000002,1,-0.3
0.5429768,0.0,0.34,-0.03,0.10000000000000002,1,-0.3
0.5429768,0.0,0.34,-0.03,0.0,1,-0.3
0.58824116,0.0,0.34,-0.03,0.6,1,-0.3
0.58824116,0.0,0.69,0.43,0.6,1,-0.3
0.57256025,0.0,0.69,0.43,0.0,1,-0.3
0.615306,0.0,0.44,0.07,0.0,1,-0.3
0.607226,0.0,0.45,-0.07,0.0,1,-0.3
0.607226,0.0,0.45,-0.07,0.0,1,-0.3
0.5560855,0.0,0.11,-0.29,0.0,1,-0.3
0.43966678,0.0,0.11,-0.29,0.0,1,-0.3
0.43966678,0.0,0.11,-0.29,0.0,1,-0.3
0.43966678,0.0,0.19,-0.21,0.0,1,-0.3
0.6252609,0.0,0.19,-0.21,0.0,1,-0.3
0.6252609,0.0,0.19,-0.21,0.0,1,-0.3
0.6252609,0.0,0.23,-0.06,0.0,1,-0.3
0.62033844,0.0,0.23,-0.06,0.0,1,-0.3
0.62033844,0.0,0.49,0.08,0.0,1,-0.3
0.52022475,0.0,0.49,0.08,0.0,1,-0.3
0.64143354,0.0,0.49,0.08,0.0,1,-0.3
0.64143354,0.0,0.5,-0.05,0.0,1,-0.3
0.5903136,0.0,0.23,-0.05,0.0,1,-0.3
0.60683924,0.0,0.46,0.09,0.0,1,-0.3
0.61549175,0.0,0.46,0.09,0.0,1,-0.3
0.626156,0.0,0.51,0.23,0.0,1,0.0
0.62854475,-0.624398,0.51,0.23,-0.25249999999999995,1,0.0
0.61177963,-0.624398,0.34,0.08,-0.25249999999999995,1,0.0
0.6159245,-0.624398,0.3,0.16,-0.25249999999999995,1,0.0
0.5800608,-0.624398,0.53,0.1,-0.25249999999999995,1,-0.3
0.5585482,-0.624398,0.42,0.1,-0.25249999999999995,1,-0.3
0.59655845,-0.624398,0.42,0.1,-0.25249999999999995,1,-0.3
0.6118763,-0.624398,0.42,0.1,-0.25249999999999995,1,-0.3
0.5330893,-0.624398,0.46,0.18,-0.25249999999999995,1,-0.3
0.5330893,-0.624398,0.46,0.18,-0.25249999999999995,1,-0.3
-0.03865549,-0.624398,0.46,0.18,-0.25249999999999995,1,-0.3
-0.076061696,0.0,0.46,0.18,-0.25249999999999995,1,-0.3
0.493278,0.0,0.46,0.18,-0.25249999999999995,1,-0.3
0.493278,0.0,0.29,-0.06,-0.25249999999999995,1,-0.3
0.5543318,0.0,0.29,-0.06,-0.25249999999999995,1,-0.3
0.61637914,0.0,0.46,0.12,-0.25249999999999995,1,-0.3
0.61637914,0.0,0.46,0.12,0.175,1,-0.3
0.51079476,0.0,0.46,0.12,0.175,1,-0.3
0.51079476,0.0,0.22,-0.07,0.175,1,-0.3
0.50854087,0.0,0.22,-0.07,0.175,1,-0.3
0.5364895000000001,0.0,0.79,0.01,0.175,1,-0.3
0.52681816,0.0,0.79,0.01,0.175,1,-0.3
0.58987856,0.0,0.26,0.01,0.175,1,-0.3
0.58003294,0.0,0.42,0.02,0.175,1,-0.3
0.59280515,0.0,0.42,0.02,0.0,1,-0.3
0.59280515,0.0,0.42,0.02,0.0,1,-0.3
0.59280515,0.0,0.42,0.02,0.0,1,-0.3
0.59280515,0.0,0.3,-0.11,0.0,1,-0.3
0.6005404000000001,0.0,0.33,0.03,0.0,1,-0.3
0.6005404000000001,-0.730364,0.33,0.03,0.16666666666666666,1,-0.3
0.59042436,-0.730364,0.26,-0.08,0.16666666666666666,1,-0.3
0.53323245,-0.730364,0.26,-0.08,0.16666666666666666,1,-0.3
0.53323245,-0.730364,0.26,-0.08,0.16666666666666666,1,-0.3
0.48579463,-0.730364,0.26,-0.08,0.16666666666666666,1,-0.3
0.57078797,-0.730364,0.26,-0.08,0.16666666666666666,1,-0.3
0.64709264,-0.730364,0.66,0.4,0.16666666666666666,1,-0.3
0.6280829000000001,-0.730364,0.66,0.4,0.16666666666666666,1,-0.3
0.6280829000000001,-0.730364,0.26,-0.09,0.16666666666666666,1,-0.3
0.5747999,-0.730364,0,0,0.16666666666666666,1,-0.3
