0.2801491,0.0,-0.05,0.16,-0.1,1,0.3
0.23203614,0.0,-0.05,0.16,-0.1,1,-0.4
0.7595401999999999,0.0,-0.05,0.16,-0.1,1,-0.4
0.5488714,0.0,-0.05,0.16,-0.1,1,-0.6
0.5488714,0.0,-0.05,0.16,-0.1,1,-0.5
0.12894331,0.0,-0.05,0.16,-0.1,1,-0.5
0.03878274,0.0,-0.0,0.07,-0.1,1,-0.5
0.22665845,0.0,-0.0,0.07,-0.1,1,0.3
0.0278867,0.0,-0.0,0.07,-0.1,1,0.5
0.0278867,0.0,0.14,0.57,-0.1,1,0.6
-0.13789801,0.0,0.14,0.57,-0.1,1,0.8
0.021524075,0.0,0.14,0.57,-0.1,1,0.8
-0.084933236,0.0,0.14,0.57,-0.1,1,0.4
0.48338324,0.0,0.14,0.57,-0.1,1,0.3
0.48338324,0.0,0.01,-0.01,-0.1,1,0.2
0.36696586,0.0,0.01,-0.01,-0.1,1,0.2
0.66865045,0.0,0.01,-0.01,-0.1,1,0.2
0.66865045,0.0,0.01,-0.01,-0.1,1,0.2
0.42605704,0.0,0.01,-0.01,-0.1,1,0.2
0.6228982,0.0,0.01,-0.01,-0.1,1,0.3
0.67027116,0.0,0.01,-0.01,-0.1,1,0.3
0.6232359000000001,0.0,0.01,-0.01,0.4518095238095238,1,0.3
0.48295346,0.0,0.01,-0.01,0.4518095238095238,1,0.3
0.48907796,0.0,0.01,-0.01,0.4518095238095238,1,0.3
0.48272052,0.0,0.12,0.15,0.4518095238095238,1,0.0
0.62629896,0.0,0.12,0.15,0.4518095238095238,1,0.0
0.62629896,0.0,0.12,0.15,0.4518095238095238,1,0.0
0.51216674,0.0,0.12,0.15,0.4518095238095238,1,0.0
0.51216674,0.0,0.15,0.3,0.4518095238095238,1,0.0
0.4827649000000001,0.0,0.15,0.3,0.4518095238095238,1,0.0
0.6166295999999999,0.0,0.15,0.3,0.4518095238095238,1,0.0
0.6166295999999999,0.0,0.15,0.3,0.4518095238095238,1,0.0
0.6166295999999999,0.0,0.15,0.3,0.4518095238095238,1,0.0
0.6471205,0.0,0.15,0.3,0.4518095238095238,1,0.0
0.65703154,0.0,0.15,0.3,0.4518095238095238,1,0.0
0.65703154,0.0,0.06,0.16,0.4518095238095238,1,0.0
0.45567003,0.0,0.06,0.16,0.4518095238095238,1,0.0
0.58020043,0.0,0.06,0.16,0.4518095238095238,1,0.0
0.6700663,0.0,0.06,0.16,0.4518095238095238,1,0.2
0.6700663,0.0,0.06,0.16,0.4518095238095238,1,0.4
0.70220536,0.0,0.06,0.16,0.4518095238095238,1,0.5
-0.059769332,0.0,0.06,0.16,0.4518095238095238,1,0.5
0.31871533,0.0,0.06,0.16,0.4518095238095238,1,0.5
0.53424644,0.0,0.06,0.16,0.4518095238095238,1,0.5
0.43883425,0.0,-0.01,0.09,0.4518095238095238,1,0.5
0.26787323,0.0,-0.01,0.09,0.4518095238095238,1,0.5
0.027977508,0.0,-0.01,0.09,0.4518095238095238,1,0.5
-0.21117628,0.0,-0.01,0.09,0.4518095238095238,1,0.5
0.442811,0.0,-0.01,0.09,0.4518095238095238,1,0.5
0.16495995,0.0,-0.01,0.09,0.4518095238095238,1,0.5
0.16495995,0.641334,-0.01,0.09,0.4518095238095238,1,0.5
0.17824788,0.641334,0.16,0.31,0.4518095238095238,1,0.5
0.44391137,0.641334,0.16,0.31,0.4518095238095238,1,0.5
-0.03405416,0.641334,0.16,0.31,0.4518095238095238,1,0.5
0.5782547,0.641334,0.16,0.31,0.4518095238095238,1,0.5
0.5467044,0.641334,0.12,0.39,0.4518095238095238,1,0.5
0.3860858,0.641334,0.12,0.39,0.4518095238095238,1,0.5
0.49457654,0.641334,0.12,0.39,0.4518095238095238,1,0.8
0.34955797,0.641334,0.12,0.39,0.4518095238095238,1,0.6
0.67159057,0.641334,0.12,0.39,0.4518095238095238,1,0.8
0.67213184,0.641334,0.12,0.39,0.4518095238095238,1,0.4
0.4007104,0.641334,0.12,0.39,0.4518095238095238,1,0.4
0.7419905,0.641334,0.12,0.39,0.4518095238095238,1,0.3
0.5164541,0.641334,0.12,0.39,0.4518095238095238,1,0.3
0.5164541,0.641334,0.12,0.39,0.4518095238095238,1,0.0
0.5164541,0.641334,-0.01,0.16,0.4518095238095238,1,0.0
0.6764186,0.641334,-0.01,0.16,0.4518095238095238,1,0.0
0.6372423,0.641334,-0.01,0.16,0.4518095238095238,1,0.0
-0.09262924,0.641334,-0.01,0.16,0.4518095238095238,1,0.0
0.6649934000000001,0.641334,-0.01,0.16,0.4518095238095238,1,0.0
0.23889147,0.641334,-0.01,0.16,0.4518095238095238,1,-0.5
0.36860657,0.641334,-0.01,0.16,0.4518095238095238,1,-0.5
0.4834964,0.641334,-0.01,0.16,0.4518095238095238,1,-0.5
0.4834964,0.641334,-0.01,0.16,0.4518095238095238,1,-0.5
0.39040256,0.641334,0.04,0.53,0.4518095238095238,1,-0.9
-0.151843,0.641334,0.04,0.53,0.4518095238095238,1,-0.6
-0.151843,0.641334,0.16,0.52,0.4518095238095238,1,-0.6
0.5734894,0.641334,0.16,0.52,0.4518095238095238,1,-0.5
0.6871018,0.641334,0.16,0.52,0.4518095238095238,1,-0.6
0.6727366,0.641334,0.16,0.52,0.4518095238095238,1,-0.6
0.49362555,0.641334,0.16,0.52,0.4518095238095238,1,0.5
0.49362555,0.641334,0.16,0.52,0.4518095238095238,1,0.5
0.59372205,0.641334,0.16,0.52,0.4518095238095238,1,0.6
0.4097579000000001,0.641334,0.16,0.52,0.4518095238095238,1,0.6
0.67347515,0.641334,0.16,0.52,0.4518095238095238,1,0.5
0.67347515,0.641334,-0.03,0.13,0.4518095238095238,1,0.5
0.3103809,0.641334,-0.03,0.13,0.4518095238095238,1,0.5
0.3103809,0.641334,-0.03,0.13,0.4518095238095238,1,0.2
0.6808535,0.641334,-0.03,0.13,0.4518095238095238,1,0.0
0.693226,0.641334,-0.03,0.13,0.4518095238095238,1,0.0
0.26385117,0.641334,-0.03,0.13,0.4518095238095238,1,0.0
0.182916,0.641334,0.1,0.52,0.4518095238095238,1,-0.3
0.182916,0.503953,0.1,0.52,0.0,1,-0.2
0.4293399000000001,0.503953,0.1,0.52,0.0,1,-0.2
0.2946167,0.503953,0.1,0.52,0.0,1,-0.2
0.2946167,0.503953,0.1,0.52,0.0,1,-0.2
0.4367718,0.503953,0.1,0.52,0.0,1,-0.2
0.46771932,0.503953,0.15,0.29,0.0,1,-0.4
0.48984984,0.503953,0.15,0.29,0.0,1,-0.5
0.48984984,0.503953,0.15,0.29,0.0,1,-0.5
0.19507822,0.503953,0.15,0.29,0.0,1,-0.5
0.19507822,0.0,0.15,0.29,0.2916666666666667,1,-0.5
0.6149591,0.0,0.15,0.29,0.2916666666666667,1,-0.5
0.30856308,0.0,0.15,0.29,0.2916666666666667,1,-0.5
0.30856308,0.0,0.15,0.29,0.2916666666666667,1,-0.5
0.64058375,0.0,0.15,0.29,0.2916666666666667,1,-0.5
0.43397874,0.0,0.15,0.29,0.2916666666666667,1,-0.5
0.5061462999999999,0.0,0.15,0.29,0.2916666666666667,1,-0.5
0.39063862,0.0,0.15,0.29,0.2916666666666667,1,-0.5
0.6860107,0.0,0.15,0.29,0.2916666666666667,1,-0.5
0.69985557,0.0,0.17,0.46,0.2916666666666667,1,-0.5
0.66605407,0.0,0.17,0.46,0.2916666666666667,1,-0.5
0.66605407,0.0,0.17,0.46,0.2916666666666667,1,-0.5
0.21195737,0.0,0.17,0.46,0.2916666666666667,1,-0.5
0.21195737,0.0,0.17,0.46,0.2916666666666667,1,-0.5
-0.5088998,0.0,0.17,0.46,0.2916666666666667,1,-0.5
-0.26621655,0.0,0.17,0.46,0.2916666666666667,1,-0.5
0.3700004000000001,0.0,0.17,0.46,0.2916666666666667,1,-0.5
0.06271164,0.0,0.17,0.46,0.2916666666666667,1,-0.5
0.35513756,0.0,0.17,0.46,0.2916666666666667,1,-0.5
0.4055901,0.0,-0.05,0.13,0.2916666666666667,1,-0.5
0.63422465,0.0,-0.05,0.13,0.2916666666666667,1,-0.6
0.63422465,0.0,-0.05,0.13,0.0,1,-0.6
0.47520676,0.0,-0.05,0.13,0.0,1,-0.7
0.040334906,0.0,-0.05,0.13,0.0,1,-0.6
-0.06171093,0.0,-0.05,0.13,0.0,1,-0.6
-0.063932784,0.0,0.07,0.21,0.0,1,-0.6
-0.194608,0.0,0.07,0.21,0.0,1,-0.6
-0.13749395,-0.795643,0.07,0.21,0.05333333333333334,1,-0.6
-0.06432568,-0.795643,0.12,0.18,0.05333333333333334,1,-0.6
-0.16780046,-0.795643,0.12,0.18,0.05333333333333334,1,-0.6
-0.10049674,-0.795643,0.06,0.31,0.05333333333333334,1,-0.6
0.06363097599999999,-0.795643,0.06,0.31,0.05333333333333334,1,-0.6
0.33596459999999995,-0.795643,0.06,0.31,0.05333333333333334,1,-0.6
0.47315437,-0.795643,0.06,0.31,0.05333333333333334,1,-0.6
0.3088938,-0.795643,0.06,0.31,0.05333333333333334,1,-0.7
0.48371577,-0.795643,0.06,0.31,0.05333333333333334,1,-0.8
0.48371577,-0.795643,0.13,0.55,0.05333333333333334,1,-0.8
-0.08634716,-0.795643,0.13,0.55,0.05333333333333334,1,-1.0
0.35684407,-0.795643,0.13,0.55,0.05333333333333334,1,-1.0
0.13179016,-0.795643,0.13,0.55,0.05333333333333334,1,-1.0
0.36470035,-0.795643,0.13,0.55,0.05333333333333334,1,-1.0
0.36470035,-0.795643,0.13,0.55,0.05333333333333334,1,-1.0
0.67292804,-0.795643,0.13,0.55,0.05333333333333334,1,-1.0
0.67292804,0.0,0.13,0.55,0.26,1,-1.0
0.7281979999999999,0.0,0.13,0.55,0.26,1,-1.0
0.2547825,0.0,0.13,0.55,0.26,1,-1.0
0.4172003,0.0,0.13,0.55,0.26,1,-1.0
0.4172003,0.0,0.11,0.25,0.26,1,-1.0
0.25140977,0.0,0.11,0.25,0.26,1,-1.0
0.14245293,0.0,0.11,0.25,0.26,1,-1.0
-0.24074376,0.0,0.11,0.25,0.26,1,-1.0
-0.24074376,0.0,0.11,0.25,0.26,1,-1.0
0.73236483,0.0,0.11,0.25,0.26,1,-1.0
0.44096643,0.0,0.11,0.25,0.26,1,-1.0
0.5309299,0.0,0.11,0.25,0.26,1,-1.0
0.5309299,0.0,0.11,0.25,0.26,1,-1.0
0.4136867,0.0,0.11,0.25,0.26,1,-1.0
0.50776434,0.0,0.07,0.52,0.26,1,-1.0
0.5620841999999999,0.0,0.07,0.52,0.26,1,-1.0
-0.13071053,0.0,0.07,0.52,0.26,1,-1.0
-0.13071053,0.0,0.14,0.13,0.26,1,-1.0
0.06501036,0.0,0.14,0.13,0.26,1,-0.6
0.339729,0.0,0.14,0.13,0.26,1,-0.6
0.5209210999999999,0.0,0.14,0.13,0.26,1,-0.6
0.5209210999999999,0.0,0.14,0.13,0.26,1,-0.6
0.6728854000000001,0.0,0.14,0.13,0.26,1,-0.5
-0.030910999,0.0,0.14,0.13,0.26,1,-1.0
-0.030910999,0.0,0.14,0.13,0.26,1,-1.0
0.26563904,0.0,0.14,0.13,0.26,1,-1.0
-0.08781251,0.0,0.14,0.13,0.26,1,-1.0
-0.20455712,0.0,0.14,0.13,0.26,1,-1.0
0.18662475,0.0,0.14,0.13,0.26,1,-1.0
-0.09387989,0.0,0.14,0.13,0.26,1,-1.0
-0.21813777,0.0,0.14,0.13,0.26,1,-1.0
-0.21813777,0.0,-0.09,0.15,0.26,1,-1.0
0.003698822,0.0,-0.09,0.15,0.26,1,0.0
-0.21574536,0.0,-0.09,0.15,0.26,1,-1.0
-0.24123237,0.0,0.16,0.42,0.26,1,-1.0
0.5862109999999999,0.0,0.16,0.42,0.26,1,-1.0
0.69779855,0.0,0.16,0.42,0.26,1,-1.0
0.69779855,0.0,0.19,0.25,0.26,1,-1.0
0.47684988,0.0,0.19,0.25,0.26,1,-1.0
0.47684988,0.0,0.19,0.25,0.26,1,-1.0
0.64066386,0.0,0.19,0.25,0.26,1,-1.0
0.612057,0.0,0.19,0.25,0.26,1,-1.0
0.612057,0.0,0.19,0.25,-0.14285714285714285,1,-1.0
0.6095231,0.0,0.19,0.25,-0.14285714285714285,1,-1.0
0.6033116999999999,0.0,0.19,0.25,0.25,1,-1.0
0.59964186,0.0,0.19,0.25,0.25,1,-1.0
-0.048500404,0.0,0.19,0.25,0.25,1,-1.0
0.11713778,0.0,0.19,0.25,0.25,1,-1.0
-0.09610772,0.0,0.19,0.25,0.25,1,-1.0
0.040055525,0.0,0.09,0.47,0.25,1,-1.0
0.14784196,0.0,0.09,0.47,0.25,1,-1.0
0.2491365,0.0,0.09,0.47,0.25,1,-1.0
0.2491365,-0.61448,0.09,0.47,-0.04999999999999993,1,-1.0
0.31714678,-0.61448,0.09,0.47,-0.04999999999999993,1,-0.9
0.21011274,-0.61448,0.09,0.47,-0.04999999999999993,1,-0.6
0.020026684,-0.61448,0.09,0.47,-0.04999999999999993,1,-0.6
0.6392164,-0.61448,0.09,0.47,-0.04999999999999993,1,-0.5
0.4620235,-0.61448,0.09,0.47,-0.04999999999999993,1,-0.5
0.4620235,-0.61448,0.09,0.47,-0.04999999999999993,1,-0.4
0.5324889,-0.5105689999999999,0.09,0.47,-0.6,1,-0.4
0.38997617,-0.5105689999999999,0.13,0.21,-0.6,1,0.0
0.30759594,-0.5105689999999999,0.19,0.3,-0.6,1,0.0
0.09283929,-0.5105689999999999,0.19,0.3,-0.6,1,0.3
0.095308974,0.0,0.19,0.3,0.0,1,0.4
-0.0246927,0.0,0.19,0.3,0.0,1,0.4
0.28772800000000004,0.0,0.19,0.3,0.0,1,0.4
0.28772800000000004,-0.591344,0.19,0.3,0.0,1,0.2
0.13747141,-0.591344,0.19,0.3,0.0,1,0.3
0.07493825,-0.553756,0.19,0.3,0.3333333333333333,1,0.3
0.18259564,-0.553756,0.19,0.3,0.3333333333333333,1,0.3
-0.047588684000000006,-0.553756,0.19,0.3,0.3333333333333333,1,0.4
-0.48978806,-0.553756,0.19,0.3,0.3333333333333333,1,0.4
-0.18001634,-0.553756,0.19,0.3,0.3333333333333333,1,0.4
-0.18001634,-0.553756,0.17,0.37,0.3333333333333333,1,0.4
0.5801034,-0.553756,0.17,0.37,0.3333333333333333,1,0.4
0.7139694999999999,-0.553756,0.17,0.37,0.3333333333333333,1,-0.6
0.47192514,-0.553756,0.17,0.37,0.3333333333333333,1,-0.6
0.3664689,-0.553756,0.17,0.37,0.3333333333333333,1,-0.7
0.14158282,-0.553756,0.17,0.37,0.3333333333333333,1,-0.7
-0.17926233,-0.553756,0.17,0.37,0.3333333333333333,1,-0.7
0.14137611,-0.553756,0.17,0.37,0.3333333333333333,1,-0.7
-0.0005611181,-0.553756,0.17,0.37,0.3333333333333333,1,-0.7
-0.0005611181,-0.553756,0.08,0.3,0.3333333333333333,1,0.0
-0.12243965,-0.553756,0.08,0.3,0.3333333333333333,1,-0.8
0.06140106,-0.553756,0.08,0.3,0.3333333333333333,1,-0.7
0.21926846,-0.553756,0.08,0.3,0.3333333333333333,1,-0.7
0.00953453,-0.553756,0.08,0.3,0.3333333333333333,1,-0.6
-0.1394582,-0.553756,0.08,0.3,0.3333333333333333,1,-0.6
-0.1394582,0.0,0.08,0.3,0.3033333333333333,1,-0.6
-0.24658847,0.0,0.08,0.3,0.3033333333333333,1,-0.6
-0.26362425,0.0,0.19,0.41,0.3033333333333333,1,-0.8
-0.08003266,0.0,0.19,0.41,0.3033333333333333,1,-0.8
-0.2534982,0.0,0.19,0.41,0.3033333333333333,1,-0.9
0.25593525,0.0,0.19,0.41,0.3033333333333333,1,0.0
0.25593525,0.0,0.2,0.18,0.3033333333333333,1,0.0
0.46448046,0.0,0.2,0.18,0.3033333333333333,1,0.2
-0.17260244,0.0,0.2,0.18,0.3033333333333333,1,0.3
0.012260713,0.0,0.2,0.18,0.3033333333333333,1,0.3
0.026387867,0.0,0.2,0.18,0.0,1,0.3
-0.13579898,0.0,0.2,0.18,0.0,1,0.0
-0.13579898,0.0,0.2,0.18,0.34,1,0.0
-0.13579898,0.0,0.2,0.18,0.34,1,0.0
0.37806594,0.0,0.2,0.18,0.34,1,0.0
0.26949114,0.0,0.2,0.18,0.34,1,0.0
0.042439878,0.0,0.2,0.18,0.34,1,0.1
0.042439878,0.0,0.2,0.18,0.34,1,0.2
0.63898987,0.0,0.2,0.18,0.34,1,0.3
0.60133326,0.0,-0.08,-0.0,0.34,1,0.4
0.39981842,0.0,-0.08,-0.0,0.34,1,0.4
0.022794098,0.0,-0.08,-0.0,0.34,1,0.4
-0.15209128,0.0,-0.08,-0.0,0.34,1,0.4
-0.011892155,0.0,-0.08,-0.0,0.34,1,0.3
-0.17791802,0.0,-0.08,-0.0,0.34,1,0.2
0.21188544,0.0,-0.08,-0.0,0.34,1,0.2
0.36131123,0.0,-0.08,-0.0,0.34,1,0.5
0.36131123,0.0,-0.08,-0.0,0.34,1,0.5
-0.0011175349,0.0,-0.08,-0.0,0.34,1,0.5
0.30121726,0.0,-0.08,-0.0,0.34,1,0.5
-0.1429549,0.0,-0.08,-0.0,0.34,1,0.5
-0.1429549,0.0,-0.08,-0.0,0.34,1,0.5
-0.0056506433,0.0,-0.08,-0.0,0.34,1,0.5
-0.0056506433,0.0,0.04,0.09,0.34,1,0.5
-0.101196244,0.0,0.12,0.18,0.34,1,0.5
-0.14715491,0.0,0.04,0.4,0.34,1,0.9
0.3753875,0.0,0.04,0.4,0.34,1,0.9
-0.1107278,0.0,0.04,0.4,0.34,1,0.9
-0.1107278,-1.0,0.04,0.4,0.0,1,0.9
-0.27617323,-1.0,0.04,0.4,0.0,1,0.9
-0.27617323,-0.517768,0.04,0.4,0.0,1,0.9
-0.14983246,-0.517768,0.04,0.4,0.0,1,0.9
-0.032712467,-0.517768,0.04,0.4,0.0,1,0.9
-0.22388175,-0.517768,0.04,0.4,0.0,1,0.9
-0.42678663,-0.517768,0.04,0.4,0.0,1,0.8
-0.15410808,-0.517768,0.04,0.4,0.0,1,0.7
0.07397355,-0.517768,0.04,0.4,0.0,1,0.7
0.07397355,-0.517768,-0.01,0.26,0.0,1,0.7
-0.14216602,-0.517768,-0.01,0.26,0.0,1,0.5
0.16556424,-0.517768,-0.01,0.26,0.0,1,0.5
0.2741475,-0.517768,-0.01,0.26,0.0,1,0.0
0.5332401,-0.517768,-0.01,0.26,0.0,1,0.0
0.67375964,-0.517768,-0.01,0.26,0.0,1,0.0
0.67375964,0.0,-0.01,0.26,0.16,1,0.0
-0.1902991,0.0,-0.01,0.26,0.16,1,0.0
-0.1902991,0.0,-0.01,0.26,0.16,1,0.0
0.7800836,0.0,-0.01,0.26,0.16,1,0.0
0.64379543,0.0,-0.01,0.26,0.16,1,0.0
-0.09211686,0.0,-0.01,0.26,0.16,1,0.0
-0.09211686,0.0,-0.01,0.26,0.16,1,0.0
-0.09211686,0.0,-0.1,-0.01,0.16,1,0.0
0.22395644,0.0,-0.1,-0.01,0.16,1,0.0
0.38477108,0.0,-0.1,-0.01,0.16,1,0.0
0.5251303,0.0,-0.1,-0.01,0.16,1,0.0
0.2508754,0.0,-0.1,-0.01,0.16,1,0.3
0.17594594,0.0,0.09,0.22,0.16,1,0.3
0.22957963,0.0,0.09,0.22,0.325,1,0.3
-0.01043497,0.0,0.09,0.22,0.325,1,0.3
0.07246894,0.0,0.14,0.11,0.325,1,0.3
0.5026053,0.0,0.14,0.11,0.325,1,0.0
0.27132726,0.0,0.14,0.11,0.325,1,0.3
0.30247128,0.0,-0.03,-0.2,0.325,1,0.5
0.41337577,0.0,-0.03,-0.2,0.325,1,0.5
0.27128112,0.0,-0.03,-0.2,0.325,1,0.5
0.27128112,0.0,0.02,0.37,0.325,1,0.5
0.3538187,0.0,0.08,0.13,0.325,1,0.5
0.49036542,0.0,0.08,0.13,0.325,1,0.5
0.20259206,0.0,0.08,0.13,0.325,1,0.5
0.35398936,0.0,0.08,0.13,0.325,1,0.5
0.1928154,0.0,0.08,0.13,0.325,1,0.5
-0.19220819,0.0,0.08,0.13,0.325,1,0.5
0.41398427,0.0,0.08,0.13,0.325,1,0.7
0.41398427,0.0,0.08,0.13,0.325,1,0.7
0.5801173000000001,0.0,0.08,0.13,0.325,1,0.7
0.5801173000000001,0.0,0.05,0.58,0.325,1,0.7
0.4664902,0.0,0.05,0.58,0.325,1,0.8
0.4664902,0.0,0.05,0.58,0.325,1,0.8
0.29968166,0.0,0.05,0.58,0.325,1,0.8
0.007058285,0.0,0.05,0.58,0.325,1,0.8
0.36205953,0.0,0.05,0.58,0.325,1,0.8
0.36205953,0.0,0.05,0.58,0.325,1,0.8
0.46516538,0.0,0.05,0.58,0.325,1,0.8
0.46516538,0.0,0.05,0.58,-0.125,1,0.8
0.57967526,0.0,0.05,0.58,-0.125,1,0.8
0.6398114,0.0,0.05,0.58,-0.125,1,0.8
0.6398114,0.0,0.05,0.58,-0.125,1,0.8
0.57780397,0.0,0.05,0.58,-0.125,1,0.8
0.57780397,0.0,0.05,0.58,-0.125,1,0.8
0.57780397,0.0,0.08,0.25,-0.125,1,0.8
0.69027686,0.0,0.08,0.25,-0.125,1,0.8
0.6844951,0.0,0.08,0.25,-0.125,1,0.8
0.45512554,0.0,0.08,0.25,-0.125,1,0.8
0.69791937,0.0,0.08,0.25,-0.125,1,0.8
0.576572,0.0,0.08,0.25,-0.125,1,0.8
0.6396483000000001,0.771446,0.08,0.25,0.41,1,0.8
0.6396483000000001,0.771446,0.08,0.25,0.41,1,0.8
0.7386401999999999,0.771446,0.11,0.43,0.41,1,0.8
0.6556704000000001,0.771446,0.11,0.43,0.41,1,0.8
0.6556704000000001,0.771446,0.11,0.43,0.41,1,0.8
0.31048858,0.771446,0.11,0.43,0.41,1,0.8
0.39906815,0.771446,0.11,0.43,0.41,1,0.8
0.46515426,0.771446,0.11,0.43,0.41,1,0.8
0.21635845,0.771446,0.11,0.43,0.41,1,0.8
0.6612385999999999,0.771446,0.11,0.43,0.41,1,0.8
0.74771196,0.771446,0.11,0.43,0.41,1,0.9
0.5647943,0.771446,0.11,0.43,0.41,1,1.0
0.5647943,0.771446,0.11,0.43,0.41,1,1.0
0.6845959,0.771446,0.11,0.43,0.41,1,1.0
0.6957769,0.771446,-0.09,0.14,0.41,1,1.0
0.6957769,0.771446,-0.09,0.14,0.41,1,1.0
0.6957769,0.771446,-0.09,0.14,0.41,1,1.0
0.6974336999999999,0.771446,-0.09,0.14,0.41,1,1.0
0.67653793,0.771446,-0.09,0.14,0.41,1,1.0
0.6852815,0.771446,-0.09,0.14,0.41,1,1.0
0.7007299,0.771446,-0.08,0.28,0.41,1,1.0
0.6230562,0,-0.08,0.28,0,1,0.4
0.57763934,-0.503229,-0.36,0.03,-0.07777777777777779,0,0.6
0.5757228,-0.503229,0.2,0.34,-0.07777777777777779,0,0.6
0.6177163,-0.503229,-0.19,0.06,-0.07777777777777779,0,0.7
0.74424577,-0.503229,-0.19,0.06,-0.07777777777777779,0,0.7
0.74424577,-0.503229,-0.19,0.06,-0.07777777777777779,0,0.7
0.300247,-0.503229,-0.19,0.06,-0.07777777777777779,0,0.7
0.6950484,-0.503229,-0.19,0.06,-0.07777777777777779,0,0.7
0.09138675,-0.503229,-0.19,0.06,-0.07777777777777779,0,0.7
0.39761975,-0.503229,-0.19,0.06,-0.07777777777777779,0,0.4
0.07685086,-0.503229,-0.19,0.06,-0.07777777777777779,0,0.4
0.11879359,0.0,-0.19,0.06,0.0,0,0.4
0.11879359,0.5766439999999999,-0.19,0.06,0.0,0,0.2
-0.2745236,0.5766439999999999,-0.19,0.06,0.0,0,0.2
0.20246492,0.5766439999999999,-0.19,0.06,0.0,0,0.1
-0.03757243,0.5766439999999999,-0.19,0.06,0.0,0,0.0
0.11898038,0.5766439999999999,-0.19,0.06,0.0,0,0.2
0.11898038,0.5766439999999999,0.2,0.15,0.0,0,0.2
0.67761457,0.5766439999999999,0.2,0.15,0.0,0,0.2
0.67761457,0.5766439999999999,-0.27,-0.12,0.0,0,0.2
0.3511961,0.5766439999999999,-0.27,-0.12,0.0,0,0.0
0.10516864,0.5766439999999999,-0.27,-0.12,0.0,0,0.0
0.6454978,0.5766439999999999,-0.27,-0.12,0.0,0,0.0
0.67236227,0.0,-0.27,-0.12,0.4,0,0.0
0.7151481,0.0,-0.27,-0.12,0.0,0,0.0
0.7235067,0.0,0.07,0.12,0.0,0,0.0
0.71417177,0.0,-0.02,-0.03,0.0,0,0.0
0.67177266,0.0,-0.02,-0.03,0.4,0,0.2
0.5070762,0.0,-0.02,-0.03,0.4,0,0.2
0.38755438,0.0,-0.02,-0.03,0.4,0,0.2
0.38755438,0.0,-0.02,-0.03,-0.5,0,0.2
0.39204568,0.0,-0.02,-0.03,0.05,0,0.0
0.416365,0.0,0.05,0.02,0.05,0,0.0
0.4804028,0.0,0.11,0.16,0.05,0,0.0
-0.25342208,0.0,0.11,0.16,0.05,0,0.0
-0.09838267,0.0,0.11,0.16,0.05,0,0.0
0.03729042,0.0,0.11,0.16,0.05,0,0.0
0.124531664,0.0,0.17,0.05,0.05,0,0.0
0.12378164,0.0,0.17,0.05,0.06666666666666668,0,0.0
0.23114151,0.0,0.17,0.05,0.06666666666666668,0,0.0
0.6474389,0.0,0.17,0.05,0.06666666666666668,0,0.0
-0.1833706,0.0,0.17,0.05,0.06666666666666668,0,0.0
-0.16740361,0.0,-0.08,-0.05,0.06666666666666668,0,0.0
0.630063,0.0,-0.08,-0.05,0.06666666666666668,0,0.0
-0.5400843000000001,0.0,-0.08,-0.05,0.06666666666666672,0,-0.5
-0.44028723,0.0,-0.04,-0.04,0.06666666666666672,0,-0.5
-0.44028723,0.0,0.22,0.09,0.06666666666666672,0,-0.5
-0.2816103,0.0,0.22,0.09,0.06666666666666672,0,-0.5
-0.10357875,0.0,0.22,0.09,0.06666666666666672,0,-0.5
-0.10357875,0.0,0.01,0.16,0.06666666666666672,0,-0.5
0.06868248,0.0,0.01,0.16,0.06666666666666672,0,-0.5
0.06868248,-0.59149,0.01,0.16,0.06666666666666672,0,-0.5
-0.060240217,-0.59149,0.01,0.16,0.06666666666666672,0,-0.5
-0.1329257,-0.59149,0.04,0.11,0.06666666666666672,0,-0.6
0.45376176,-0.59149,0.04,0.11,0.06666666666666672,0,-0.6
0.45376176,-0.59149,0.29,0.2,0.06666666666666672,0,-0.5
0.34164056,-0.59149,0.29,0.2,0.06666666666666672,0,-0.5
0.32018435,-0.59149,0.12,0.19,0.06666666666666672,0,-0.5
0.18115583,-0.59149,0.12,0.19,0.06666666666666672,0,0.3
0.120556116,-0.59149,0.23,0.22,0.06666666666666672,0,0.3
0.15160574,-0.59149,0.23,0.22,0.05,0,0.3
0.15160574,-0.600352,0.23,0.22,0.05,0,0.2
-0.013071261,-0.600352,0.23,0.22,0.05,0,0.0
0.104778945,-0.600352,0.23,0.22,0.05,0,-0.3
9.256601e-05,-0.600352,0.23,0.22,0.05,0,-0.3
-0.019052833,-0.600352,-0.09,-0.07,0.05,0,-0.3
0.047032613,-0.600352,-0.09,-0.07,0.5,0,-0.3
0.07306697,-0.5710689999999999,-0.09,-0.07,0.5,0,-0.3
-0.12369631,-0.5710689999999999,-0.09,-0.07,0.5,0,-0.3
0.5119286,-0.5710689999999999,-0.09,-0.07,0.5,0,-0.3
-0.25283703,-0.5710689999999999,-0.09,-0.07,0.5,0,-0.3
0.48094007,-0.5710689999999999,-0.09,-0.07,0.5,0,-0.4
0.17441821,-0.5710689999999999,-0.09,-0.07,0.5,0,-0.4
0.43182012,-0.5710689999999999,-0.09,-0.07,0.5,0,-0.5
0.43182012,-0.5710689999999999,-0.02,-0.05,0.5,0,-0.6
0.14223796,-0.5710689999999999,-0.02,-0.05,0.5,0,-0.6
0.14223796,-0.5710689999999999,0.09,0.15,0.5,0,-0.6
-0.20626411,-0.5710689999999999,0.09,0.15,0.5,0,-0.6
-0.20626411,-0.5710689999999999,0.21,0.13,0.5,0,-0.6
-0.3449177,-0.5710689999999999,0.21,0.13,0.5,0,-0.7
-0.20137757,-0.5710689999999999,0.21,0.13,0.5,0,-0.7
0.04710831,-0.5710689999999999,0.21,0.13,0.5,0,-0.7
0.04710831,-0.5710689999999999,0.21,0.13,-1.0,0,-0.7
0.5196377999999999,-0.5710689999999999,0.21,0.13,-1.0,0,0.0
0.5196377999999999,0.0,0.21,0.13,-1.0,0,-0.7
0.5196377999999999,0.0,0.21,0.13,-0.525,0,-0.7
0.724792,0.0,0.21,0.13,-0.525,0,-0.7
0.724792,-0.604438,0.21,0.13,-0.525,0,-0.7
0.6564373,-0.604438,0.19,0.21,-0.525,0,-0.7
0.4874041,-0.604438,0.19,0.21,-0.525,0,-0.8
0.36286122,-0.604438,0.19,0.21,-0.525,0,-0.8
0.36286122,-0.604438,0.12,0.04,-0.525,0,-0.8
0.28840482,-0.604438,0.12,0.04,0.0,0,-0.8
0.28840482,0.0,0.12,0.04,0.0,0,-0.8
0.081180505,0.0,0.12,0.04,0.0,0,-0.8
0.29024804,0.0,0.12,0.04,0.0,0,-0.8
0.55093664,0.0,0.12,0.04,0.0,0,-0.8
0.31873316,0.0,0.12,0.04,0.0,0,-0.8
0.5277666999999999,0.0,0.12,0.04,0.0,0,-0.8
0.35068715,0.0,0.12,0.04,0.0,0,-0.8
0.6492774,0.0,0.12,0.04,0.0,0,-0.8
0.45839307,0.0,0.12,0.04,0.0,0,-0.8
0.4525042,0.0,0.12,0.04,0.07,0,-0.8
0.27351373,0.0,0.12,0.04,0.07,0,-0.8
0.27351373,0.0,0.22,0.22,0.07,0,-0.8
0.6843479,0.0,0.22,0.22,0.07,0,-0.8
0.39475957,0.0,0.22,0.22,0.07,0,-0.8
0.50978816,0.0,0.22,0.22,0.07,0,-0.8
0.50978816,0.0,0.17,0.18,0.07,0,-0.8
0.47151423,0.0,0.17,0.18,0.2148148148148148,0,-0.8
0.30782595,0.0,0.17,0.18,0.2148148148148148,0,-0.6
0.06510980000000001,0.0,0.17,0.18,0.2148148148148148,0,-0.5
0.51459694,0.0,0.17,0.18,0.2148148148148148,0,-0.5
0.53859216,0.0,-0.1,-0.19,0.2148148148148148,0,-0.5
0.36984694,0.0,-0.1,-0.19,0.2148148148148148,0,-0.5
-0.3097771,0.0,-0.1,-0.19,0.2148148148148148,0,-0.5
-0.3097771,0.0,-0.1,-0.19,0.43392857142857133,0,-0.5
-0.04388473,0.0,-0.1,-0.19,0.43392857142857133,0,-0.5
-0.04388473,0.607913,-0.1,-0.19,0.43392857142857133,0,-0.5
-0.3798502,0.607913,-0.1,-0.19,0.43392857142857133,0,-0.5
-0.10584928,0.607913,-0.1,-0.19,0.43392857142857133,0,-0.5
0.14032203,0.607913,-0.1,-0.19,0.43392857142857133,0,-0.5
0.21017203,0.607913,-0.1,-0.19,0.0,0,-0.5
0.21017203,0.0,-0.1,-0.19,0.0,0,-0.5
0.018768828,0.0,-0.1,-0.19,0.0,0,-0.5
-0.033586614,0.0,-0.04,-0.32,0.0,0,-0.5
0.05665077,0.0,-0.22,-0.03,0.0,0,-0.5
0.040639844,0.0,0.14,0.19,0.0,0,-0.5
0.20632426,0.0,0.14,0.19,0.0,0,-0.5
0.20632426,0.0,0.18,0.17,0.0,0,-0.5
0.036304705,0.0,0.18,0.17,0.0,0,-0.5
-0.10342367,0.0,0.18,0.17,0.0,0,-0.5
-0.41305894,0.0,0.18,0.17,0.0,0,-0.6
-0.13469873,0.0,0.18,0.17,0.0,0,-0.6
-0.13469873,0.0,0.18,0.17,-0.25,0,-0.6
0.34763727,0.0,0.18,0.17,-0.25,0,-0.6
0.18254448,0.0,0.18,0.17,-0.25,0,-0.6
0.32642767,0.0,0.18,0.17,-0.25,0,-0.8
0.15894678,0.0,0.18,0.17,-0.25,0,-0.7
0.15894678,0.0,0.21,0.13,-0.25,0,-0.7
0.04599166,0.0,0.21,0.13,-0.25,0,-0.7
-0.15384331,0.0,0.21,0.13,-0.25,0,-0.7
-0.08823028,0.0,0.21,0.13,-0.15384615384615385,0,-0.7
-0.20847356,0.0,0.21,0.13,-0.15384615384615385,0,-0.7
-0.036079653,0.0,0.21,0.13,-0.15384615384615385,0,-0.7
0.08211933,0.0,0.21,0.13,-0.15384615384615385,0,-0.6
0.08211933,0.0,0.21,0.13,-0.3,0,-0.6
0.08211933,-0.533594,0.21,0.13,-0.3,0,-0.6
0.47783166,-0.533594,0.21,0.13,-0.3,0,-0.6
0.16347699,-0.533594,0.21,0.13,-0.3,0,-0.6
0.30042988,-0.533594,0.21,0.13,-0.3,0,-0.8
0.30042988,-0.533594,0.15,-0.01,-0.3,0,-0.8
0.40156406,-0.533594,0.15,-0.01,-0.3,0,-0.8
0.2516095,-0.533594,0.15,-0.01,-0.3,0,-0.8
0.26712692,-0.533594,0.03,-0.02,-0.3,0,-0.8
0.07589918400000001,-0.533594,0.03,-0.02,-0.3,0,-0.8
0.07589918400000001,-0.533594,0.03,-0.02,-0.3,0,-0.8
0.2774305,-0.533594,0.03,-0.02,-0.3,0,-0.8
0.2774305,-0.533594,0.26,0.22,-0.3,0,-0.9
0.18457535,-0.533594,0.26,0.22,-0.3,0,-1.0
0.2685132,-0.533594,0.26,0.22,0.4,0,-1.0
0.13319209,-0.533594,0.26,0.22,0.4,0,-1.0
0.13319209,0.0,0.26,0.22,0.4,0,-1.0
0.13319209,0.0,0.01,0.2,0.4,0,-1.0
0.08086011,0.0,0.01,0.2,0.0,0,-1.0
-0.0008562282000000001,0.0,0.01,0.2,0.14285714285714285,0,-1.0
0.64858025,0.0,0.01,0.2,0.14285714285714285,0,-1.0
0.5133635,0.0,0.01,0.2,0.14285714285714285,0,-1.0
0.34811416,0.0,0.01,0.2,0.14285714285714285,0,-1.0
0.5351864000000001,0.0,0.01,0.2,0.14285714285714285,0,-1.0
0.6616502,0.0,0.01,0.2,0.14285714285714285,0,-1.0
0.6616502,0.0,0.01,0.2,-0.8,0,-1.0
0.043495767000000005,0.0,0.01,0.2,-0.8,0,-1.0
0.17635614,0.0,0.01,0.2,-0.8,0,-1.0
0.17635614,0.0,0.11,-0.26,-0.8,0,-1.0
-0.041762076,0.0,0.11,-0.26,-0.8,0,-1.0
0.562563,0.0,0.11,-0.26,-0.8,0,-1.0
0.32770503,0.0,0.11,-0.26,-0.8,0,-1.0
-0.279783,0.0,0.11,-0.26,-0.8,0,-1.0
-0.279783,0.0,0.11,-0.26,-0.8,0,-1.0
0.30603218,0.0,0.11,-0.26,-0.8,0,-1.0
0.624124,0.0,0.11,-0.26,-0.8,0,-1.0
0.624124,0.0,0.21,0.29,-0.8,0,-1.0
0.6535768,0.0,0.11,0.36,-0.8,0,-1.0
0.6535768,0.0,0.11,0.36,-0.8,0,-1.0
0.634562,0.0,0.18,0.32,-0.8,0,-1.0
0.20073412,0.0,0.18,0.32,-0.8,0,-1.0
0.20073412,0.0,0.02,0.47,-0.8,0,-1.0
0.47802565,0.0,0.02,0.47,-0.8,0,-1.0
0.029546542,0.0,0.02,0.47,-0.8,0,-1.0
-0.45084763,0.0,0.02,0.47,-0.8,0,-1.0
-0.18156473,0.0,0.02,0.47,-0.8,0,-0.7
-0.023540951,0.0,0.02,0.47,-0.8,0,-0.8
0.12314288,0.0,0.02,0.47,-0.8,0,-0.9
0.5119297,0.0,0.02,0.47,-0.8,0,-1.0
0.5451288000000001,0.0,0.02,0.47,0.25,0,-1.0
0.41028678,0.0,0.02,0.47,0.25,0,-1.0
0.41028678,0.0,0.16,0.33,0.25,0,-1.0
0.6718496,0.0,0.16,0.33,0.25,0,-1.0
0.6502564000000001,0.0,0.2,0.47,0.25,0,-1.0
0.62382317,0.0,0.2,0.47,0.0,0,-1.0
0.6592924,-0.637588,0.2,0.47,0.0,0,-1.0
0.6080145,-0.637588,0.2,0.47,-0.5,0,-1.0
0.6061373000000001,-0.516913,0.2,0.47,-0.5,0,-1.0
0.45223677,-0.516913,0.2,0.47,-0.5,0,-1.0
0.45223677,-0.516913,0.08,0.26,-0.5,0,-1.0
-0.018403344,-0.516913,0.08,0.26,-0.5,0,-1.0
-0.14681204,-0.516913,0.08,0.26,-0.5,0,-1.0
-0.041727953,-0.516913,0.08,0.26,-0.5,0,-1.0
0.06635930400000001,-0.516913,0.08,0.26,-0.5,0,-1.0
-0.14093344,-0.516913,0.08,0.26,-0.5,0,-1.0
-0.14093344,-0.516913,0.08,0.26,0.0,0,-1.0
-0.024838343,-0.516913,0.08,0.26,0.0,0,-1.0
-0.024838343,-0.818539,0.08,0.26,0.0,0,-1.0
-0.08986013,0.0,0.08,0.26,0.0,0,-1.0
-0.19973367,0.0,0.08,0.26,0.0,0,-1.0
-0.19973367,-0.872817,0.08,0.26,0.0,0,-1.0
-0.46850747,-0.872817,0.08,0.26,0.0,0,-1.0
-0.46850747,-0.872817,0.24,0.27,0.0,0,-1.0
-0.38633174,-0.872817,0.24,0.27,-0.21111111111111105,0,-0.7
-0.38633174,-0.5342279999999999,0.24,0.27,-0.21111111111111105,0,-0.6
0.24388592,-0.5342279999999999,0.24,0.27,-0.21111111111111105,0,-0.6
0.24388592,-0.5342279999999999,0.09,0.24,-0.21111111111111105,0,-0.5
0.5545633000000001,-0.5342279999999999,0.09,0.24,-0.21111111111111105,0,-0.5
0.08083074,-0.5342279999999999,0.09,0.24,-0.21111111111111105,0,-0.5
-0.04880902,-0.5342279999999999,0.09,0.24,-0.21111111111111105,0,-0.5
-0.18045728,-0.5342279999999999,0.09,0.24,-0.21111111111111105,0,-0.5
-0.047617257,-0.5342279999999999,0.09,0.24,-0.21111111111111105,0,-0.5
-0.19437248,-0.5342279999999999,0.09,0.24,-0.21111111111111105,0,-0.5
-0.1571582,-0.5342279999999999,0.11,0.64,-0.21111111111111105,0,-0.5
-0.0002821572,-0.5342279999999999,0.11,0.64,-0.21111111111111105,0,-0.5
0.3983867,-0.5342279999999999,0.11,0.64,-0.21111111111111105,0,-0.7
0.07734986,-0.5342279999999999,0.11,0.64,-0.21111111111111105,0,-0.7
0.07734986,-0.5342279999999999,0.11,0.64,-0.38,0,-0.7
0.67629606,-0.5342279999999999,0.11,0.64,-0.38,0,0.0
0.67629606,-0.646568,0.11,0.64,-0.38,0,-0.7
0.24424621,-0.646568,0.11,0.64,-0.38,0,-0.7
-0.24374723,-0.646568,0.11,0.64,-0.38,0,-0.7
-0.24374723,-0.646568,0.05,0.14,-0.38,0,-0.7
-0.24374723,-0.646568,0.1,0.48,-0.38,0,-0.7
0.25528670000000003,-0.646568,0.1,0.48,-0.38,0,0.0
0.083892055,-0.646568,0.1,0.48,-0.38,0,-0.7
-0.016269796,-0.646568,0.1,0.48,-0.38,0,-0.7
0.14531451,-0.646568,0.1,0.48,-0.38,0,-0.4
0.29346126,-0.646568,0.1,0.48,-0.38,0,0.0
0.16787368,-0.646568,0.1,0.48,-0.38,0,0.2
0.16787368,-0.646568,0.26,0.28,-0.38,0,0.0
0.5389583,-0.646568,0.26,0.28,-0.38,0,-0.5
0.29873520000000003,-0.646568,0.26,0.28,-0.38,0,-0.5
0.6516232,-0.646568,0.26,0.28,-0.38,0,-0.4
0.040344357,-0.646568,0.26,0.28,-0.38,0,-0.4
0.040344357,-0.646568,0.26,0.28,-0.025,0,-0.3
0.040344357,0.0,0.26,0.28,-0.025,0,-0.3
-0.08479424,0.0,0.26,0.28,-0.025,0,-0.3
0.14311537,0.0,0.26,0.28,-0.025,0,-0.2
0.60752505,0.0,0.26,0.28,-0.025,0,-0.2
0.60752505,0.0,0.12,0.11,-0.025,0,-0.2
0.37862208,0.0,0.12,0.11,-0.025,0,-0.4
0.37862208,0.0,0.12,0.11,-0.025,0,-0.3
0.5238119000000001,0.0,0.12,0.11,-0.025,0,-0.4
0.45974067,0.0,0.12,0.11,-0.025,0,-0.4
0.077847995,0.0,0.12,0.11,-0.025,0,-0.4
-0.05943023400000001,0.0,0.12,0.11,-0.025,0,-0.4
0.08004178,0.0,0.12,0.11,-0.025,0,-0.4
0.54611444,0.0,0.12,0.11,-0.025,0,-0.3
0.54611444,0.0,0.12,0.11,-0.325,0,-0.3
0.3774198,0.0,0.12,0.11,-0.325,0,-0.3
0.51561034,0.0,0.12,0.11,-0.325,0,-0.3
0.51561034,0.0,0.07,0.33,-0.325,0,-0.3
0.33728874,0.0,0.07,0.33,-0.325,0,-0.3
0.056574658,0.0,0.07,0.33,-0.325,0,-0.3
-0.10798645,0.0,0.07,0.33,-0.325,0,-0.3
0.6703839,0.0,0.07,0.33,-0.325,0,-0.3
0.51644886,0.0,0.07,0.33,-0.325,0,-0.3
0.16769859,0.0,0.07,0.33,-0.325,0,-0.3
0.35709903,0.0,0.07,0.33,-0.325,0,-0.3
-0.027826093,0.0,0.07,0.33,-0.325,0,-0.3
-0.027826093,0.0,-0.23,-0.19,-0.325,0,-0.3
-0.35130918,0.0,-0.23,-0.19,-0.325,0,-0.3
-0.09840153,0.0,-0.23,-0.19,-0.325,0,-0.3
-0.09840153,0.0,-0.23,-0.19,0.2,0,-0.3
0.13516566,0.0,-0.23,-0.19,0,0,-0.3
-0.27698988,0,-0.23,-0.19,0,0,-0.3
0.028747259,0,0,0,0,0,-0.3
0.51779866,0.529638,0.07,0.26,0.13,1,0.3
0.64784056,0.529638,0.07,0.26,0.13,1,0.0
-0.15075239999999998,0.529638,0.07,0.26,0.13,1,0.3
0.6797425,0.529638,0.07,0.26,0.13,1,0.3
0.5118878,0.529638,0.07,0.26,0.13,1,0.4
0.64182574,0.529638,0.07,0.26,0.13,1,0.5
0.64182574,0.529638,0.05,0.19,0.13,1,0.0
0.43067744,0.529638,0.05,0.19,0.13,1,0.0
0.43067744,0.529638,0.05,0.19,0.13,1,0.0
0.43067744,0.529638,0.05,0.19,0.13,1,0.1
0.1478332,0.529638,0.05,0.19,0.13,1,0.4
-0.03575679,0.529638,0.05,0.19,0.13,1,0.5
-0.03575679,0.529638,0.05,0.19,0.13,1,0.5
-0.03575679,0.529638,0.03,0.54,0.13,1,0.5
-0.14213727,0.529638,0.03,0.54,0.13,1,0.5
-0.11887105,0.529638,0.24,0.43,0.13,1,0.5
0.27552056,0.529638,0.24,0.43,0.13,1,0.5
-0.2034162,0.529638,0.24,0.43,0.13,1,0.5
0.0530791,0.529638,0.24,0.43,0.13,1,0.6
0.38440022,0.529638,0.24,0.43,0.13,1,0.7
0.088690996,0.529638,0.24,0.43,0.13,1,0.7
0.65539086,0.529638,0.24,0.43,0.13,1,0.7
0.65539086,0.529638,0.24,0.43,0.13,1,0.4
0.44043848,0.529638,0.24,0.43,0.13,1,0.4
0.56183994,0.529638,0.24,0.43,0.13,1,0.4
0.11069138,0.529638,0.24,0.43,0.13,1,0.2
0.11069138,0.529638,0.24,0.43,0.13,1,0.0
0.3375953,0.529638,0.24,0.43,0.13,1,0.0
0.3375953,0.529638,0.24,0.43,0.13,1,0.0
0.06414483,0.529638,0.24,0.43,0.13,1,0.0
0.06414483,-0.571752,0.24,0.43,0.03200000000000002,1,0.0
0.48109987,-0.571752,0.24,0.43,0.03200000000000002,1,0.0
0.6102901,-0.571752,0.24,0.43,0.03200000000000002,1,0.0
0.19156681,-0.571752,0.16,0.48,0.03200000000000002,1,0.2
0.6823559,-0.571752,0.16,0.48,0.03200000000000002,1,0.4
0.10794389,-0.571752,0.16,0.48,0.03200000000000002,1,0.3
0.10794389,-0.571752,0.16,0.48,0.03200000000000002,1,0.0
-0.032678008,-0.571752,0.16,0.48,0.03200000000000002,1,0.0
-0.16277449,-0.571752,0.16,0.48,0.03200000000000002,1,0.0
0.6148425999999999,-0.571752,0.16,0.48,0.03200000000000002,1,-0.1
0.08057402,-0.571752,0.16,0.48,0.03200000000000002,1,-0.3
0.49345168,-0.571752,0.16,0.48,0.03200000000000002,1,-0.3
0.014661733,-0.571752,0.16,0.48,0.03200000000000002,1,-0.3
0.014661733,-0.571752,0.15,0.32,0.03200000000000002,1,-0.3
0.6405411999999999,-0.571752,0.15,0.32,0.03200000000000002,1,-0.3
0.6405411999999999,-0.571752,0.15,0.32,0.03200000000000002,1,-0.4
0.7585638000000001,-0.571752,0.15,0.32,0.03200000000000002,1,-0.4
0.65036744,-0.571752,0.15,0.32,0.03200000000000002,1,-0.4
-0.037829235,-0.571752,0.15,0.32,0.03200000000000002,1,-0.4
-0.037829235,-0.571752,0.15,0.32,0.03200000000000002,1,-0.4
-0.2044,-0.571752,0.15,0.32,0.03200000000000002,1,-0.4
-0.2044,-0.571752,0.19,0.27,0.03200000000000002,1,-0.4
0.12546465,-0.571752,0.19,0.27,0.03200000000000002,1,-0.4
0.12546465,-0.571752,0.29,0.36,0.03200000000000002,1,-0.4
-0.11370447,-0.571752,0.29,0.36,0.03200000000000002,1,-0.4
-0.22877845,-0.571752,0.29,0.36,0.03200000000000002,1,-0.4
-0.09784822,-0.571752,0.29,0.36,0.03200000000000002,1,-0.4
-0.09784822,0.621605,0.29,0.36,0.13636363636363635,1,-0.5
0.016912077,0.621605,0.29,0.36,0.13636363636363635,1,-0.5
0.016912077,0.621605,0.46,0.41,0.13636363636363635,1,-0.5
-0.14480266,0.621605,0.46,0.41,0.13636363636363635,1,-0.5
-0.13545115,0.621605,0.46,0.41,0.13636363636363635,1,-0.5
0.63977116,0.621605,0.46,0.41,0.13636363636363635,1,-0.5
0.50031316,0.621605,0.46,0.41,0.13636363636363635,1,-0.5
0.037753314,0.621605,0.46,0.41,0.13636363636363635,1,-0.5
0.037753314,0.621605,0.46,0.41,0.13636363636363635,1,-0.5
0.037753314,0.621605,0.46,0.41,0.13636363636363635,1,-0.5
0.2617547,0.621605,0.46,0.41,0.13636363636363635,1,-0.5
0.538438,0.621605,0.46,0.41,0.13636363636363635,1,-0.5
0.64599514,0.621605,0.46,0.41,0.13636363636363635,1,-0.5
0.64599514,0.0,0.46,0.41,0.6,1,-0.4
0.048747372,0.0,0.46,0.41,0.6,1,-0.4
0.048747372,0.0,0.46,0.41,0.6,1,-0.4
0.5377279,0.0,0.46,0.41,0.6,1,-0.4
0.5377279,0.0,0.23,0.2,0.6,1,-0.3
0.030960875,0.0,0.23,0.2,0.6,1,-0.3
0.030960875,0.0,0.16,0.38,0.6,1,-0.2
0.030960875,0.0,0.16,0.38,0.35,1,-0.2
0.28127903,0.0,0.16,0.38,0.35,1,-0.2
0.0913856,0.0,-0.2,0.08,0.35,1,-0.2
0.3491831,0.0,-0.2,0.08,0.35,1,-0.1
0.3491831,0.0,-0.2,0.08,0.35,1,0.0
-0.06853548400000001,0.0,-0.2,0.08,0.35,1,0.0
0.62184626,0.0,-0.2,0.08,0.35,1,0.0
0.44367653,0.0,-0.2,0.08,0.35,1,0.0
0.44367653,0.0,-0.2,0.08,0.35,1,0.0
0.25649595,0.0,-0.2,0.08,0.35,1,0.0
0.33050066,0.0,-0.08,0.06,0.35,1,0.2
0.33050066,0.0,-0.08,0.06,0.0,1,0.2
-0.0018990822,0.0,-0.08,0.06,0.0,1,0.2
0.007189556999999998,0.0,0.04,0.08,0.0,1,0.2
-0.08960596,0.0,0.04,0.08,0.0,1,0.2
0.09565237,0.0,0.04,0.08,0.0,1,0.2
0.09565237,-0.931034,0.04,0.08,-0.9099999999999998,1,0.2
-0.03350783,-0.931034,0.04,0.08,-0.9099999999999998,1,0.2
-0.03350783,-0.931034,0.04,0.08,-0.9099999999999998,1,0.2
-0.03350783,-0.931034,0.45,0.62,-0.9099999999999998,1,0.2
-0.060430095,-0.931034,0.08,0.22,-0.9099999999999998,1,0.2
-0.039218202,-0.931034,-0.03,0.2,-0.9099999999999998,1,0.2
-0.039218202,0.0,-0.03,0.2,-0.04375,1,0.2
-0.14933422,0.0,-0.03,0.2,-0.04375,1,0.2
-0.27003533,0.0,-0.03,0.2,-0.04375,1,0.2
0.057731003,0.0,-0.03,0.2,-0.04375,1,0.2
0.30574682,0.0,-0.03,0.2,-0.04375,1,0.2
0.52350557,0.0,-0.03,0.2,-0.04375,1,0.2
0.37831447,0.0,-0.03,0.2,-0.04375,1,0.2
0.29690704,0.0,0.05,0.19,-0.04375,1,0.2
0.44627285,0.0,0.05,0.19,-0.04375,1,0.2
0.44627285,0.0,0.02,0.18,-0.04375,1,0.2
0.23341402,0.0,0.02,0.18,-0.04375,1,0.2
0.33603302,0.0,0.02,0.18,-0.04375,1,0.2
-0.06810765,0.0,0.02,0.18,-0.04375,1,-0.2
-0.0131212175,0.0,0.21,0.36,-0.04375,1,-0.2
-0.13421519,0.0,0.21,0.36,-0.04375,1,-0.2
0.63528186,0.0,0.21,0.36,-0.04375,1,-0.2
0.6704569,0.0,0.21,0.36,-0.04375,1,-0.2
0.5624376999999999,0.0,0.21,0.36,-0.04375,1,-0.2
0.5624376999999999,0.0,0.21,0.36,0.5,1,-0.2
0.6628089,0.0,0.21,0.36,0.5,1,-0.2
0.6575875,0.0,0.21,0.36,0.5,1,0.0
0.67264557,0.0,0.21,0.36,0.5,1,0.3
0.29081738,0.0,0.21,0.36,0.5,1,0.3
0.6902917,0.0,0.21,0.36,0.5,1,0.5
0.6902917,0.0,0.09,0.07,0.5,1,0.5
0.01612772,0.0,0.09,0.07,0.5,1,0.5
0.01612772,0.0,0.09,0.07,0.5,1,0.5
-0.26468047,0.0,0.09,0.07,0.5,1,0.5
-0.09627414,0.0,0.09,0.07,0.5,1,0.5
-0.09627414,0.957099,0.09,0.07,0.3333333333333333,1,0.5
-0.09627414,0.957099,0.09,0.07,0.3333333333333333,1,0.5
0.31043983,0.957099,0.09,0.07,0.3333333333333333,1,0.5
0.54166114,0.957099,0.09,0.07,0.3333333333333333,1,0.5
0.54166114,0.0,0.09,0.07,0.0,1,0.5
0.49823827,0.826578,0.09,0.07,0.525,1,0.5
0.604071,0.826578,0.09,0.07,0.525,1,0.5
0.604071,0.826578,0.09,0.07,0.525,1,0.5
0.604071,0.826578,0.22,0.5,0.525,1,0.5
0.6835059,0.826578,0.22,0.5,0.525,1,0.5
0.6835059,0.0,0.22,0.5,0.125,1,0.5
0.6963429,0.0,-0.02,0.15,0.125,1,0.5
0.57149214,0.0,-0.02,0.15,0.125,1,0.5
0.6263732,0.0,0.04,0.33,0.125,1,0.5
0.25933924,0.0,0.04,0.33,0.125,1,0.5
0.25933924,0.0,0.04,0.33,0.125,1,0.5
0.25933924,0.0,0.07,0.3,0.125,1,0.5
0.37400314,0.0,0.07,0.3,0.125,1,0.6
0.2526363,0.0,0.07,0.3,0.125,1,0.6
0.3884774,0.0,0.07,0.3,0.125,1,0.6
0.32171524,0.0,0.16,0.26,0.125,1,0.6
0.0307704,0.0,0.16,0.26,0.125,1,0.6
0.25619447,0.0,0.16,0.26,0.125,1,0.6
0.08396138,0.0,0.16,0.26,0.125,1,0.6
0.22626057,0.0,0.16,0.26,0.125,1,0.6
0.4087875,0.0,0.16,0.26,0.125,1,0.6
0.4087875,0.0,0.16,0.26,0.125,1,0.6
0.49053687,0.5368539999999999,0.16,0.26,0.4166666666666667,1,-0.3
0.6399282,0.5368539999999999,0.16,0.26,0.4166666666666667,1,-0.2
0.14617634,0.5368539999999999,0.16,0.26,0.4166666666666667,1,-0.2
0.4226463,0.5368539999999999,0.16,0.26,0.4166666666666667,1,-0.3
0.6595566999999999,0.5368539999999999,0.16,0.26,0.4166666666666667,1,-0.3
0.57499224,0.5368539999999999,-0.01,0.1,0.4166666666666667,1,-0.3
0.28706354,0.5368539999999999,-0.01,0.1,0.4166666666666667,1,-0.4
0.28706354,0.5368539999999999,-0.01,0.1,0.4166666666666667,1,-0.4
0.53157187,0.5368539999999999,-0.01,0.1,0.4166666666666667,1,-0.4
0.53157187,0.0,-0.01,0.1,-0.4,1,-0.5
0.13936293,0.0,-0.01,0.1,-0.4,1,-0.5
0.36270303,0.0,-0.01,0.1,-0.4,1,-0.5
0.36270303,0.0,0.01,0.11,-0.4,1,-0.4
0.23087268,0.0,0.01,0.11,-0.4,1,-0.4
-0.19260916,0.0,0.01,0.11,-0.4,1,-0.4
-0.086107716,0.0,0.01,0.11,-0.4,1,-0.3
-0.1578924,0.0,-0.04,0.2,-0.4,1,0.4
0.28524768,0.0,-0.04,0.2,-0.4,1,0.4
0.28524768,0.0,-0.04,0.2,-0.4,1,0.4
0.4437032,0.0,-0.04,0.2,-0.4,1,0.4
0.5761241,0.0,-0.04,0.2,-0.4,1,0.4
0.44227242,0.0,-0.04,0.2,-0.4,1,0.4
0.44227242,0.0,-0.04,0.2,-0.4,1,0.2
0.44227242,0.0,-0.13,0.12,-0.4,1,0.0
0.261293,0.0,-0.13,0.12,-0.4,1,-0.3
0.261293,0.0,-0.02,0.26,-0.4,1,-0.3
0.16291219,-0.85165,-0.02,0.26,-0.2833333333333333,1,-0.2
0.16826373,-0.85165,0.05,0.12,-0.2833333333333333,1,0.0
-0.09668921,-0.85165,0.05,0.12,-0.2833333333333333,1,0.0
0.22339311,-0.85165,0.05,0.12,-0.2833333333333333,1,0.0
0.24661194,-0.85165,0.05,0.12,-0.2833333333333333,1,0.2
-0.15801844,-0.85165,0.05,0.12,-0.2833333333333333,1,0.2
0.054974824000000005,-0.85165,0.05,0.12,-0.2833333333333333,1,0.1
-0.23847723,-0.85165,0.05,0.12,-0.2833333333333333,1,0.3
-0.23847723,-0.85165,0.05,0.12,-0.2833333333333333,1,0.3
-0.14954896,-0.85165,0.22,0.31,-0.2833333333333333,1,0.3
-0.14484279,-0.85165,-0.14,0.16,-0.2833333333333333,1,0.2
-0.40795472,-0.85165,-0.14,0.16,-0.2833333333333333,1,-0.2
-0.21991631,-0.85165,-0.14,0.16,-0.2833333333333333,1,-0.2
0.25764012,-0.85165,-0.14,0.16,-0.2833333333333333,1,-0.2
-0.074993625,-0.85165,-0.14,0.16,-0.2833333333333333,1,-0.2
-0.074993625,-0.85165,-0.08,0.09,-0.2833333333333333,1,-0.2
0.11728026,-0.85165,-0.08,0.09,-0.2833333333333333,1,-0.2
-0.026321419,-0.85165,-0.08,0.09,-0.2833333333333333,1,-0.3
-0.026321419,-0.85165,-0.01,0.26,-0.2833333333333333,1,-0.3
-0.13620648,-0.85165,-0.01,0.26,-0.2833333333333333,1,-0.3
0.55763495,-0.85165,-0.01,0.26,-0.2833333333333333,1,-0.3
0.6909804,-0.85165,-0.01,0.26,-0.2833333333333333,1,-0.3
0.6969531,-0.85165,0.28,0.4,-0.2833333333333333,1,-0.3
0.6969531,-0.85165,0.28,0.4,-0.2833333333333333,1,-0.3
0.6961424,-0.85165,0.15,0.21,-0.2833333333333333,1,-0.3
0.41279912,-0.85165,0.15,0.21,-0.2833333333333333,1,0.0
0.41279912,-0.85165,0.15,0.21,-0.2833333333333333,1,-0.3
-0.16946,-0.85165,0.15,0.21,-0.2833333333333333,1,-0.3
-0.16946,-0.85165,0.01,0.14,-0.2833333333333333,1,-0.3
-0.007693425,-0.85165,0.01,0.14,-0.2833333333333333,1,-0.3
-0.090743035,-0.837543,0.01,0.14,0.14285714285714285,1,-0.3
-0.073082134,-0.837543,0.23,0.34,0.14285714285714285,1,-0.4
-0.073082134,-0.837543,0.23,0.34,0.14285714285714285,1,-0.5
0.4685479,-0.837543,0.23,0.34,0.14285714285714285,1,-0.5
0.6103993000000001,-0.837543,0.23,0.34,0.14285714285714285,1,-0.6
0.6103993000000001,-0.837543,0.23,0.34,0.14285714285714285,1,-0.6
0.48961526,-0.837543,0.23,0.34,0.14285714285714285,1,-0.6
0.48961526,-0.837543,0.13,0.45,0.14285714285714285,1,-0.6
0.35942122,-0.837543,0.13,0.45,0.14285714285714285,1,-0.6
0.05968595,-0.837543,0.13,0.45,0.14285714285714285,1,-0.6
-0.090738595,-0.837543,0.13,0.45,0.14285714285714285,1,-0.6
-0.2334243,-0.837543,0.13,0.45,0.14285714285714285,1,-0.6
-0.13132511,-0.837543,0.13,0.45,0.14285714285714285,1,-0.6
-0.1937644,0.0,0.13,0.45,0.0,1,-0.5
0.3865483,0.0,0.13,0.45,0.0,1,-0.4
0.59868705,0.0,0.13,0.45,0.0,1,-0.5
0.14162168,0.0,0.13,0.45,0.0,1,-0.5
0.14162168,0.0,0.13,0.45,0.0,1,-0.3
0.42823982,0.0,0.13,0.45,0.0,1,-0.3
0.42823982,0.0,0.08,0.07,0.0,1,-0.3
0.66392046,0.0,0.08,0.07,0.0,1,-0.3
0.7638802,0.0,0.08,0.07,0.0,1,-0.3
0.7638802,0.0,0.08,0.07,0.0,1,-0.3
0.64074206,0.0,0.08,0.07,0.0,1,-0.4
0.64074206,0.0,0.08,0.07,0.0,1,-0.4
0.64074206,0.0,0.08,0.07,0.0,1,-0.5
0.49005145,0.0,0.08,0.07,0.0,1,-0.5
0.49005145,0.0,0.08,0.12,0.0,1,-0.5
0.2690482,0.0,0.08,0.12,0.0,1,-0.5
0.2690482,0.0,0.08,0.12,0.0,1,-0.5
0.43349966,0.0,0.08,0.12,0.0,1,-0.5
0.39759883,-0.626365,0.08,0.12,0.0,1,-0.5
0.5486922,-0.626365,0.08,0.12,0.0,1,-0.5
0.5486922,-0.626365,0.05,0.22,0.0,1,-0.5
0.08159702,-0.626365,0.05,0.22,0.0,1,-0.5
-0.039564632,-0.626365,0.05,0.22,0.0,1,-0.5
0.026894473,-0.7065060000000001,0.05,0.22,-0.6999999999999998,1,-0.5
0.28782162,-0.7065060000000001,0.05,0.22,-0.6999999999999998,1,-0.5
0.28782162,0.0,0.05,0.22,0.1,1,-0.5
0.16545212,0.0,0.05,0.22,0.1,1,-0.5
0.16545212,0.0,-0.02,0.13,0.1,1,-0.5
0.16545212,0.0,-0.02,0.13,0.1,1,-0.5
0.34532905,0.0,-0.02,0.13,0.1,1,-0.5
0.576825,0.0,-0.02,0.13,0.1,1,-0.5
0.34835187,0.0,-0.02,0.13,0.1,1,-0.5
0.34835187,0.0,-0.02,0.13,0.1,1,-0.4
0.18827924,0.0,-0.02,0.13,0.1,1,-0.4
0.18827924,0.0,0.03,0.23,0.1,1,-0.5
0.4317735,0.0,0.03,0.23,0.1,1,-0.5
0.27766797,0.0,0.03,0.23,0.1,1,-0.5
0.27074784,0.0,0.03,0.23,0.6,1,-0.5
0.06422731,0.0,0.03,0.23,0.6,1,-0.7
0.1685017,0.0,0.03,0.23,0.6,1,-0.7
0.1685017,0.0,-0.09,-0.08,0.6,1,-0.5
0.29575485,0.0,-0.09,-0.08,0.6,1,0.0
0.19050592,0.0,-0.09,-0.08,0.6,1,-0.4
0.19050592,-0.639196,-0.09,-0.08,0.3222222222222222,1,-0.3
0.19593261,-0.639196,-0.09,-0.08,0.3222222222222222,1,-0.3
0.41307962,-0.639196,-0.09,-0.08,0.3222222222222222,1,-0.3
0.41307962,-0.639196,0.07,0.16,0.3222222222222222,1,-0.3
0.44747424,-0.639196,-0.11,-0.04,0.3222222222222222,1,-0.3
0.35072592,-0.639196,-0.11,-0.04,0.3222222222222222,1,-0.3
0.22587661,-0.639196,-0.11,-0.04,0.3222222222222222,1,-0.3
0.5309147,-0.639196,-0.11,-0.04,0.3222222222222222,1,-0.3
0.38290197,-0.639196,-0.11,-0.04,0.3222222222222222,1,-0.3
-0.30706906,-0.639196,-0.11,-0.04,0.3222222222222222,1,-0.3
-0.19311221,-0.639196,-0.11,-0.04,0.3222222222222222,1,-0.3
0.2951916,-0.639196,-0.11,-0.04,0.3222222222222222,1,-0.4
0.2944361,-0.639196,-0.04,0.12,0.3222222222222222,1,-0.4
-0.010842316,-0.639196,-0.04,0.12,0.3222222222222222,1,-0.4
-0.010842316,-0.639196,-0.09,0.03,0.3222222222222222,1,-0.4
-0.11374761,-0.639196,-0.09,0.03,0.3222222222222222,1,-0.4
0.6574464,-0.639196,-0.09,0.03,0.3222222222222222,1,-0.4
0.6574464,-0.639196,-0.09,0.03,0.3222222222222222,1,-0.4
0.25527018,-0.639196,-0.09,0.03,0.3222222222222222,1,-0.4
0.014896389,-0.639196,-0.09,0.03,0.3222222222222222,1,-0.4
0.014896389,-0.639196,-0.13,0.22,0.3222222222222222,1,-0.4
0.25451773,-0.639196,-0.13,0.22,0.3222222222222222,1,-0.4
0.25451773,-0.639196,-0.1,0.2,0.3222222222222222,1,-0.4
0.4234794,-0.639196,-0.1,0.2,0.3222222222222222,1,-0.4
0.6022099,-0.639196,-0.1,0.2,0.3222222222222222,1,-0.4
0.6022099,-0.639196,0.08,0.27,0.3222222222222222,1,-0.4
0.7244638000000001,-0.639196,0.08,0.27,0.3222222222222222,1,0.0
0.63998044,-0.639196,0,0,0.3222222222222222,1,-0.4
0.63998044,-0.639196,0,0,0.3222222222222222,1,-0.2
0.5592699999999999,0.0,0.17,-0.04,0.0,0,0.2
0.17976317,0.0,0.17,-0.04,0.0,0,0.0
0.17976317,0.0,-0.06,0.05,0.0,0,0.2
0.17976317,0.875186,-0.06,0.05,0.7,0,0.2
0.34927943,0.875186,-0.06,0.05,0.7,0,0.0
0.34927943,0.875186,-0.06,0.05,0.7,0,0.1
0.50745976,0.875186,0.11,-0.08,0.7,0,0.1
0.50745976,0.0,0.11,-0.08,0.4166666666666667,0,0.1
0.32446203,0.0,0.11,-0.08,0.4166666666666667,0,0.1
0.17981401,0.0,0.11,-0.08,0.4166666666666667,0,0.2
0.17981401,0.0,0.11,-0.08,0.0,0,0.2
0.17981401,0.0,-0.2,-0.01,0.0,0,0.2
0.1732359,0.0,-0.2,-0.01,0.0,0,0.4
-0.18935166,0.0,-0.2,-0.01,0.0,0,0.4
0.006249942,0.0,-0.2,-0.01,0.0,0,0.4
0.006249942,0.0,0.47,0.04,0.0,0,0.4
0.25264376,0.0,0.47,0.04,0.0,0,0.3
0.056499735,0.0,0.47,0.04,0.0,0,0.3
0.0034708679,0.0,0.01,-0.13,0.0,0,0.2
0.4107212000000001,0.0,0.01,-0.13,0.0,0,0.2
0.4107212000000001,0.0,-0.03,-0.19,0.0,0,0.3
-0.03344258,0.0,-0.03,-0.19,0.0,0,0.1
-0.03344258,0.0,0.34,-0.19,0.0,0,0.0
0.200332,0.0,0.34,-0.19,0.0,0,0.0
0.200332,0.0,0.37,-0.03,0.0,0,0.0
0.28737777,0.0,0.34,0.05,0.0,0,0.0
0.15938815,0.0,0.34,0.05,0.0,0,0.0
0.15938815,0.0,-0.14,0.02,0.0,0,0.0
0.21970683,0.0,-0.02,-0.09,0.0,0,-0.2
0.08781713,0.0,-0.02,-0.09,0.0,0,-0.2
0.3124235,0.0,-0.02,-0.09,0.0,0,-0.2
0.65434235,0.0,-0.02,-0.09,0.0,0,-0.3
0.3870337,0.0,-0.02,-0.09,0.0,0,-0.2
0.3870337,0.0,-0.02,-0.09,0.0,0,-0.2
0.3870337,0.0,0.19,-0.01,0.0,0,0.0
0.5978124,0.0,0.19,-0.01,0.0,0,-0.2
0.6122838,0.0,-0.01,0.21,0.0,0,-0.2
0.6122838,-0.813565,-0.01,0.21,-0.16666666666666669,0,-0.2
-0.2303448,-0.813565,-0.01,0.21,-0.16666666666666669,0,-0.3
-0.2303448,-0.813565,-0.01,0.21,-0.16666666666666669,0,-0.3
-0.2303448,-0.813565,0.44,0.08,-0.16666666666666669,0,-0.3
-0.17914326,-0.813565,0.34,0.07,-0.16666666666666669,0,-0.3
-0.0715362,-0.813565,0.34,0.07,-0.16666666666666669,0,-0.2
-0.0715362,-0.813565,0.21,-0.01,-0.16666666666666669,0,-0.2
0.25007683,-0.813565,0.21,-0.01,-0.16666666666666669,0,-0.2
0.48620275,-0.813565,0.21,-0.01,-0.16666666666666669,0,-0.2
0.4702282999999999,-0.813565,0.22,-0.09,-0.16666666666666669,0,-0.3
0.11442108,-0.813565,0.22,-0.09,-0.16666666666666669,0,0.0
0.019739904,-0.813565,0.25,-0.07,-0.16666666666666669,0,-0.3
0.18843943,-0.813565,0.25,-0.07,-0.16666666666666669,0,0.0
-0.046436183,-0.813565,0.25,-0.07,-0.16666666666666669,0,-0.3
0.16685835,-0.813565,0.25,-0.07,-0.16666666666666669,0,-0.3
0.16685835,-0.813565,0.24,-0.11,-0.16666666666666669,0,-0.3
0.021324847,-0.813565,0.24,-0.11,-0.16666666666666669,0,-0.3
-0.098575965,-0.813565,0.24,-0.11,-0.16666666666666669,0,-0.3
-0.15793942,-0.813565,0.08,-0.08,-0.16666666666666669,0,-0.1
-0.05081565,-0.813565,0.08,-0.08,-0.16666666666666669,0,0.0
-0.041483253,0.7850020000000001,0.08,-0.08,0.55,0,0.0
-0.34164578,0.7850020000000001,0.08,-0.08,0.55,0,0.0
-0.34164578,0.7850020000000001,-0.07,-0.36,0.55,0,0.0
0.11248653,0.7850020000000001,-0.07,-0.36,0.55,0,0.0
0.11248653,0.7850020000000001,0.31,0.03,0.55,0,0.0
-0.26241240000000005,0.7850020000000001,0.31,0.03,0.55,0,0.0
-0.26241240000000005,0.7850020000000001,0.07,-0.04,0.55,0,0.0
-0.17141713,0.7850020000000001,0.2,-0.02,0.55,0,0.3
-0.18416433,0.0,0.2,-0.02,0.225,0,0.3
0.5453376,0.0,0.2,-0.02,0.225,0,0.3
0.47629702,0.0,0.21,0.07,0.225,0,0.3
0.47629702,0.0,0.21,0.07,0.5,0,0.3
0.4216671,0.0,0.57,0.17,0.5,0,0.3
-0.05971627700000001,0.0,0.57,0.17,0.5,0,0.3
0.14832294,0.0,0.57,0.17,0.5,0,0.3
0.14832294,0.0,0.57,0.17,0.0,0,0.3
0.5560022,0.0,0.57,0.17,0.0,0,0.0
0.05722216,0.0,0.57,0.17,0.0,0,0.0
0.05722216,0.0,0.21,-0.04,0.0,0,0.0
-0.03673841,0.0,0.21,-0.04,0.2,0,0.0
-0.08992307,0.0,0.12,0.1,0.2,0,0.0
0.12486087,0.0,0.12,0.1,0.2,0,0.0
-0.22535476,0.0,0.12,0.1,0.2,0,0.0
-0.22535476,0.0,-0.01,0.08,0.2,0,0.0
-0.27905503,0.0,-0.01,0.08,0.2,0,0.0
-0.27905503,0.0,-0.01,0.08,0.0,0,0.0
0.16890171,0.0,-0.01,0.08,0.0,0,0.0
0.7365881999999999,0.0,-0.01,0.08,0.0,0,0.0
0.7365881999999999,0.0,0.17,0.17,0.0,0,0.0
0.7365881999999999,0.0,0.17,0.17,0.0,0,0.0
0.7365881999999999,0.0,0.17,0.17,0.0,0,0.0
0.5236045,0.0,0.17,0.17,0.0,0,0.0
0.5236045,0.0,0.24,0.06,0.0,0,0.0
0.5405356,0.0,0.24,0.06,0.0,0,0.0
0.5405356,0.0,0.24,0.06,0.0,0,0.0
0.65021956,0.0,0.24,0.06,0.0,0,0.0
0.64906603,0.0,0.38,0.03,0.0,0,0.0
0.61466455,0.0,0.38,0.03,0.0,0,0.0
0.4038288,0.0,0.38,0.03,0.0,0,0.0
0.5020146,0.0,0.21,-0.04,0.0,0,0.0
0.5020146,0.576333,0.21,-0.04,0.25,0,0.0
0.6015411999999999,0.576333,0.1,-0.01,0.25,0,0.0
0.6789448,0.576333,0.07,0.25,0.25,0,0.1
0.70137477,0.576333,0.07,0.25,0.25,0,0.1
0.70137477,0.576333,0.16,0.1,0.25,0,0.0
0.4429592000000001,0.576333,0.16,0.1,0.25,0,0.1
0.4429592000000001,0.576333,0.3,0.08,0.25,0,0.1
0.67602485,0.576333,0.3,0.08,0.25,0,0.1
0.67602485,0.576333,0.3,0.08,0.25,0,0.1
0.5042308,0.576333,0.3,0.08,0.25,0,0.1
0.014492836,0.576333,0.3,0.08,0.25,0,0.2
-0.10783595,0.576333,0.3,0.08,0.25,0,0.5
0.27880117,0.576333,0.3,0.08,0.25,0,0.5
0.27880117,0.576333,0.38,0.09,0.25,0,0.7
0.06781964,0.576333,0.38,0.09,0.25,0,0.7
-0.19462469,0.576333,0.38,0.09,0.25,0,0.2
-0.3124252,0.576333,0.38,0.09,0.25,0,0.2
-0.3124252,0.565257,0.38,0.09,0.25,0,0.2
-0.19283056,0.565257,0.38,0.09,0.25,0,0.2
-0.16459504,0.565257,0.27,0.23,0.25,0,0.2
-0.1677511,0.565257,0.27,0.23,0.011111111111111144,0,0.2
-0.1677511,0.617642,0.27,0.23,0.011111111111111144,0,0.3
0.30514693,0.617642,0.27,0.23,0.011111111111111144,0,0.0
0.43016678,0.617642,0.27,0.23,0.011111111111111144,0,0.3
0.43016678,0.617642,0.38,0.1,0.011111111111111144,0,0.3
0.5568484,0.617642,0.38,0.1,0.011111111111111144,0,0.3
0.5568484,0.617642,-0.39,-0.17,0.011111111111111144,0,0.2
0.5568484,0.617642,0.05,-0.16,0.011111111111111144,0,0.0
0.3660233,0.617642,0.05,-0.16,0.011111111111111144,0,0.0
0.33911476,0.617642,0.1,-0.02,0.011111111111111144,0,0.0
0.3165447,0.617642,0.26,0.19,0.011111111111111144,0,0.0
0.16604908,0.617642,0.26,0.19,0.011111111111111144,0,0.0
0.018279351,0.617642,0.26,0.19,0.011111111111111144,0,0.0
-0.06893289,0.617642,0.2,0.09,0.011111111111111144,0,0.0
0.038280845,0.617642,0.2,0.09,0.011111111111111144,0,0.0
0.25257993,0.617642,0.2,0.09,0.011111111111111144,0,0.0
0.54338115,0.617642,0.2,0.09,0.011111111111111144,0,0.0
0.54338115,0.617642,0.2,0.09,0.0,0,0.0
0.54338115,0.7400680000000001,0.2,0.09,0.0,0,0.0
0.28403687,0.7400680000000001,0.2,0.09,0.0,0,0.0
0.70065475,0.7400680000000001,0.2,0.09,0.0,0,0.0
0.24364862,0.7400680000000001,0.2,0.09,0.0,0,0.0
0.24364862,0.7400680000000001,-0.03,-0.12,0.0,0,0.0
0.022785887,0.7400680000000001,-0.03,-0.12,0.0,0,0.1
0.022785887,0.7400680000000001,0.19,0.08,0.0,0,0.1
-0.017672083999999998,0.7400680000000001,0.11,0.01,0.0,0,0.0
-0.14432179999999994,0.7400680000000001,0.11,0.01,0.0,0,0.0
-0.14432179999999994,0.0,0.11,0.01,0.0,0,0.0
0.072408736,0.0,0.11,0.01,0.0,0,0.0
0.072408736,0.0,-0.01,0.09,0.0,0,0.2
-0.027788445,0.0,-0.01,0.09,0.0,0,0.2
0.34265578,0.0,-0.01,0.09,0.0,0,0.2
0.34265578,0.0,-0.01,0.09,0.0,0,0.2
0.63193494,0.0,-0.01,0.09,0.0,0,0.2
0.6892541,0.0,0.37,0.17,0.0,0,0.2
0.7025336,0.0,0.33,0.17,0.0,0,0.2
-0.042981848,0.0,0.33,0.17,0.0,0,0.2
0.6074061,0.0,0.33,0.17,0.0,0,0.2
0.63198143,0.0,0.33,0.17,0.09999999999999998,0,0.0
0.63198143,0.0,0.33,0.17,0.09999999999999998,0,0.0
0.29815066,0.0,0.33,0.17,0.09999999999999998,0,0.0
0.19138923,0.0,0.33,0.17,0.09999999999999998,0,0.0
0.19138923,0.0,0.33,0.17,0.09999999999999998,0,0.0
0.17574884,0.0,0.33,0.17,0.08333333333333337,0,0.0
0.27145034,-0.6602779999999999,0.33,0.17,0.08333333333333337,0,0.0
0.27145034,-0.6602779999999999,0.12,0.25,0.08333333333333337,0,0.0
0.26911908,-0.6602779999999999,0.12,0.25,0.08333333333333337,0,0.0
0.26911908,-0.6602779999999999,0.27,0.09,0.08333333333333337,0,0.0
0.6163052,-0.6602779999999999,0.27,0.09,0.08333333333333337,0,0.0
0.44862527,-0.6602779999999999,0.27,0.09,0.08333333333333337,0,0.0
0.44862527,-0.6602779999999999,0.2,0.17,0.08333333333333337,0,0.0
0.6384801999999999,-0.6602779999999999,0.2,0.17,0.08333333333333337,0,0.0
-0.22126663,-0.6602779999999999,0.2,0.17,0.08333333333333337,0,0.0
0.15649475,-0.6602779999999999,0.2,0.17,0.08333333333333337,0,0.0
0.15324265,-0.6602779999999999,0.38,0.1,0.08333333333333337,0,0.0
0.26376837,-0.6602779999999999,0.38,0.1,0.08333333333333337,0,0.0
0.006209478,-0.6602779999999999,0.38,0.1,0.08333333333333337,0,0.0
0.006209478,-0.6602779999999999,0.35,0.11,0.08333333333333337,0,0.0
0.1192932,-0.6602779999999999,0.35,0.11,0.08333333333333337,0,0.0
0.1192932,-0.6602779999999999,0.25,0.06,0.08333333333333337,0,0.0
0.22044073,-0.6602779999999999,0.25,0.06,0.08333333333333337,0,0.0
0.28239042,-0.6602779999999999,0.18,0.21,0.08333333333333337,0,0.0
0.047974683,-0.6602779999999999,0.18,0.21,0.08333333333333337,0,0.0
0.047974683,-0.6602779999999999,0.32,0.07,0.08333333333333337,0,0.0
-0.38453802,-0.6602779999999999,0.32,0.07,0.08333333333333337,0,0.0
-0.37079483,-0.6602779999999999,0.32,0.07,0.08333333333333337,0,0.0
0.21906994,-0.6602779999999999,0.32,0.07,0.08333333333333337,0,0.0
0.6865775,-0.6602779999999999,0.32,0.07,0.08333333333333337,0,0.0
0.47613248,-0.6602779999999999,0.32,0.07,0.08333333333333337,0,-0.3
0.47613248,-0.6602779999999999,0.32,0.07,0.08333333333333337,0,-0.2
0.18768558,-0.6602779999999999,0.32,0.07,0.08333333333333337,0,-0.1
0.5991957,-0.6602779999999999,0.32,0.07,0.08333333333333337,0,-0.1
0.63150305,-0.6602779999999999,0.16,0.01,0.08333333333333337,0,-0.2
0.63150305,-0.6602779999999999,0.16,0.01,0.08333333333333337,0,-0.2
0.67919546,-0.6602779999999999,0.32,0.14,0.08333333333333337,0,-0.2
0.67919546,-0.6602779999999999,0.32,0.14,0.0,0,-0.1
0.67919546,0.0,0.32,0.14,0.0,0,-0.1
0.6172945,0.0,0.32,0.14,0.0,0,-0.1
0.67062885,0.0,0.29,-0.01,0.0,0,-0.1
0.6686052,0.0,0.16,0.03,0.0,0,-0.1
0.6426437,0.0,0.16,0.03,0.10000000000000002,0,-0.2
0.6830012,0.0,0.24,0.16,0.10000000000000002,0,-0.2
0.67389876,0.0,0.18,0.13,0.10000000000000002,0,-0.2
0.45300448,0.0,0.18,0.13,0.10000000000000002,0,-0.2
-0.4293175,0.0,0.18,0.13,0.10000000000000002,0,-0.2
0.40894184,0.0,0.18,0.13,0.10000000000000002,0,-0.2
0.40894184,0.0,0.18,0.13,0.10000000000000002,0,-0.2
0.6862688,0.0,0.18,0.13,0.10000000000000002,0,-0.2
0.682161,0.0,0.18,0.13,0.10000000000000002,0,-0.2
0.682161,0.0,0.17,0.08,0.10000000000000002,0,0.0
0.66234624,0.0,0.17,0.08,0.10000000000000002,0,0.3
0.6788446,0.0,0.28,0.03,0.10000000000000002,0,0.2
0.6411508,0.0,0.28,0.03,0.10000000000000002,0,0.2
0.63046056,0.0,0.15,0.09,0.10000000000000002,0,0.2
0.63046056,0.0,0.15,0.09,-0.21025641025641026,0,0.2
0.63046056,0.0,0.15,0.09,-0.21025641025641026,0,0.1
0.635205,0.0,0.16,0.19,-0.21025641025641026,0,0.2
0.6598071999999999,0.0,0.16,0.19,-0.21025641025641026,0,0.2
0.6537174,0.0,0.16,0.19,0.6,0,0.2
0.4909858,0.0,0.16,0.19,0.6,0,0.0
0.4909858,0.0,0.1,0.07,0.6,0,0.0
0.6574904,0.0,0.1,0.07,0.6,0,-0.1
0.6961563000000001,0.52985,0.1,0.07,0.6,0,-0.1
0.7211518,0.52985,0.33,0.19,0.6,0,-0.1
0.69651616,0.52985,0.33,0.19,0.6,0,-0.1
0.68819046,0.52985,0.33,-0.12,0.6,0,-0.1
0.6856694999999999,0.52985,0.33,-0.12,0.6,0,-0.1
-0.07899913,0.52985,0.33,-0.12,0.6,0,-0.1
0.35420630000000003,0.52985,0.33,-0.12,0.6,0,-0.1
0.24057068,0.52985,0.33,-0.12,0.6,0,-0.1
0.38211536,0.52985,0.33,-0.12,0.6,0,-0.1
0.38211536,0.52985,0.05,-0.21,0.6,0,-0.1
0.3562215,0.52985,0.05,-0.21,0.6,0,-0.1
0.3562215,0.52985,0.43,-0.14,0.6,0,-0.1
0.26620388,0.52985,0.2,0.15,0.6,0,-0.1
0.6721206999999999,0.52985,0.2,0.15,0.6,0,-0.1
0.6721206999999999,0.52985,0.27,0.05,0.6,0,-0.1
0.71623755,0.52985,0.27,0.05,0.4333333333333333,0,-0.2
0.7076621,0.52985,0.27,0.05,0.4333333333333333,0,-0.2
0.7076621,0.0,0.27,0.05,0.4333333333333333,0,-0.2
0.70811325,0.0,0.38,0.0,0.4333333333333333,0,-0.2
0.21928988,0.0,0.38,0.0,0.4333333333333333,0,-0.2
0.21928988,0.0,0.71,0.35,0.4333333333333333,0,-0.2
0.44252208,0.0,0.71,0.35,0.4333333333333333,0,-0.2
-0.31457493,0.0,0.71,0.35,0.4333333333333333,0,-0.2
-0.31457493,0.0,0.29,0.05,0.4333333333333333,0,-0.2
0.018199295,0.0,0.29,0.05,0.4333333333333333,0,-0.2
0.018199295,0.0,0.29,0.05,-0.08333333333333331,0,-0.2
0.15746126,0.0,0.29,0.05,-0.08333333333333331,0,-0.2
0.15746126,0.0,0.18,-0.16,-0.08333333333333331,0,-0.2
0.15746126,-0.6374569999999999,0.18,-0.16,-0.08333333333333331,0,-0.2
0.38089645,-0.6374569999999999,0.18,-0.16,-0.08333333333333331,0,-0.2
0.1700908,-0.6374569999999999,0.18,-0.16,-0.08333333333333331,0,-0.2
0.1700908,-0.6374569999999999,0.46,0.11,-0.08333333333333331,0,-0.2
0.33687340000000005,-0.6374569999999999,0.46,0.11,-0.08333333333333331,0,-0.2
0.33687340000000005,-0.6374569999999999,-0.06,0.14,-0.08333333333333331,0,-0.2
0.18777524,-0.6374569999999999,-0.06,0.14,-0.08333333333333331,0,-0.2
0.27653998,-0.6374569999999999,-0.06,0.14,0.25,0,-0.2
0.6831458,-0.6374569999999999,-0.06,0.14,0.25,0,-0.2
0.6831458,0.0,-0.06,0.14,0.25,0,-0.2
0.6831458,0.0,0.22,0.05,0.25,0,-0.2
0.6250392,0.0,0.13,0.05,0.25,0,-0.2
0.71108556,0.0,0.31,0.09,0.25,0,-0.2
0.6966975000000001,0.0,0.24,0.11,0.25,0,-0.2
0.45162043,0.0,0.24,0.11,0.25,0,-0.2
-0.02385246,0.0,0.24,0.11,0.25,0,-0.3
0.08264887,0.0,0.24,0.11,0.25,0,-0.3
0.33178303,0.0,0.26,0.34,0.25,0,-0.3
0.43460557,0.0,0.26,0.34,0.25,0,-0.3
0.43460557,0.0,0.34,0.1,0.25,0,-0.3
0.3143403,0.0,0.34,0.1,0.25,0,-0.3
0.31448355,0.0,0.34,0.1,0.25,0,-0.3
0.5151899000000001,0.0,0.34,0.1,0.25,0,-0.3
0.3922612,0.0,0.34,0.1,0.25,0,-0.3
0.3922612,0.0,0.17,-0.15,0.25,0,0.0
0.3922612,0.0,0.17,-0.15,0.25,0,-0.3
0.3922612,0.0,0.17,-0.15,0.2083333333333333,0,-0.3
0.3254905,-0.763899,0.17,-0.15,0.2083333333333333,0,-0.3
0.6786052,-0.763899,0.17,-0.15,0.2083333333333333,0,-0.3
0.6786052,-0.763899,0.33,0.26,0.2083333333333333,0,-0.3
0.6927133000000001,-0.763899,0.19,-0.58,0.2083333333333333,0,-0.3
0.6927133000000001,-0.763899,0.19,-0.58,0.2083333333333333,0,-0.3
-0.07304911,-0.763899,0.19,-0.58,0.2083333333333333,0,-0.3
-0.07304911,-0.763899,0.19,-0.58,0.2083333333333333,0,-0.2
0.64894277,-0.763899,0.19,-0.58,0.2083333333333333,0,-0.3
0.3598594,-0.763899,0.19,-0.58,0.2083333333333333,0,-0.3
0.18993828,-0.763899,0.19,-0.58,0.2083333333333333,0,-0.3
0.32928368,-0.763899,0.19,-0.58,0.2083333333333333,0,-0.3
0.32928368,-0.763899,0.01,-0.01,0.2083333333333333,0,-0.3
0.32928368,-0.763899,0.32,0.12,0.2083333333333333,0,-0.3
0.15424085,-0.763899,0.32,0.12,0.2083333333333333,0,-0.3
0.15424085,0.0,0.32,0.12,0.2083333333333333,0,-0.3
0.4611985,0.0,0.32,0.12,0.2083333333333333,0,-0.2
0.38627955,0.0,0.18,0.05,0.2083333333333333,0,-0.2
0.13445620000000005,0.0,0.18,0.05,0.2083333333333333,0,-0.3
0.31103066,0.0,0.18,0.05,0.2083333333333333,0,-0.5
0.31103066,0.0,-0.14,-0.31,0.2083333333333333,0,-0.5
-0.011977658,0.0,-0.14,-0.31,0.2083333333333333,0,-0.5
-0.011977658,0.0,-0.14,-0.31,0.4333333333333333,0,-0.4
-0.011977658,0.0,-0.14,-0.31,0.4333333333333333,0,0.0
0.43970203,0.0,-0.14,-0.31,0.4333333333333333,0,-0.4
0.43970203,0.740029,-0.14,-0.31,0.4333333333333333,0,-0.4
0.737186,0.740029,-0.14,-0.31,0.4333333333333333,0,-0.4
0.3888665,0.740029,-0.14,-0.31,0.4333333333333333,0,-0.4
0.3888665,0.740029,0.02,-0.05,0.4333333333333333,0,-0.4
0.3888665,0.740029,0.02,-0.05,0.4333333333333333,0,-0.4
0.3888665,0.740029,0.24,0.08,0.4333333333333333,0,-0.4
0.66215456,0.740029,0.24,0.08,0.4333333333333333,0,-0.4
0.590467,0.740029,0.31,0.27,0.4333333333333333,0,-0.4
0.590467,0.740029,0.31,0.27,0.4333333333333333,0,-0.4
0.66126466,0.740029,0.23,-0.0,0.4333333333333333,0,-0.3
0.66126466,0.740029,0.23,-0.0,0.0,0,-0.3
0.6631558000000001,0.6969989999999999,0.23,-0.0,0.0,0,-0.3
0.6794895000000001,0.6969989999999999,0.23,-0.0,-0.6999999999999998,0,-0.3
0.6794895000000001,0.6969989999999999,0.23,-0.0,-0.6999999999999998,0,-0.3
0.6794895000000001,0.0,0.23,-0.0,-0.6999999999999998,0,-0.3
0.69665515,0.0,0.23,-0.0,-0.4,0,-0.3
0.7072031,-0.543813,0.23,-0.0,-0.4,0,-0.3
0.33739668,-0.543813,0.23,-0.0,-0.4,0,-0.3
0.33739668,-0.543813,0.23,-0.0,-0.4,0,-0.3
0.16858724,-0.543813,0.23,-0.0,-0.4,0,-0.3
0.42443094,-0.543813,0.23,-0.0,-0.4,0,-0.3
0.3458066,-0.543813,0.23,-0.0,-0.4,0,-0.3
0.18290976,-0.543813,0.23,-0.0,-0.4,0,-0.3
0.28565425,-0.543813,0.23,-0.0,-0.4,0,-0.2
0.28565425,-0.543813,-0.4,-0.14,-0.4,0,-0.2
0.31977198,-0.543813,0.11,-0.01,-0.4,0,-0.2
0.5913498,-0.543813,0.11,-0.01,-0.4,0,-0.1
0.6284809,-0.543813,0.29,0.13,-0.4,0,-0.1
0.62107724,-0.543813,-0.06,-0.04,-0.4,0,-0.1
0.6377904999999999,-0.543813,-0.06,-0.37,-0.4,0,-0.1
0.47640732,-0.543813,-0.06,-0.37,-0.4,0,-0.1
0.47640732,-0.543813,0.25,0.19,-0.4,0,-0.1
0.47640732,-0.543813,0.25,0.19,-0.4,0,-0.1
0.66161585,-0.543813,0.25,0.19,-0.4,0,-0.1
0.66161585,-0.543813,0.11,-0.13,-0.4,0,-0.1
0.6584101,-0.543813,0,0,-0.4,0,-0.1
