-0.002227135,0.0,0.13,0.16,0.0,0,-0.3
-0.002227135,0.0,0.06,0.04,0.0,0,0.0
0.1913639,0.0,0.06,0.04,0.0,0,-0.5
-0.048662245,0.0,0.06,0.04,0.0,0,-0.5
-0.048662245,0.0,0.02,-0.2,0.0,0,-0.2
0.11803251,0.0,0.02,-0.2,0.0,0,0.0
-0.055246316,0.0,0.02,-0.2,0.0,0,0.0
-0.055246316,0.0,0.16,0.25,0.0,0,0.0
-0.08711094,0.0,0.19,0.16,0.0,0,0.0
-0.15074773,0.0,0.14,0.46,0.0,0,-0.2
-0.28337735,0.0,0.14,0.46,0.0,0,-0.3
-0.12252803,0.0,0.14,0.46,0.0,0,0.0
-0.10504876,0.672597,0.14,0.46,0.225,0,0.0
0.4929306,0.672597,0.14,0.46,0.225,0,0.0
0.4929306,0.672597,-0.1,0.05,0.225,0,0.0
0.52010715,0.672597,-0.1,0.05,0.225,0,0.0
0.2646665,0.672597,-0.1,0.05,0.225,0,0.0
0.55945945,0.672597,-0.1,0.05,0.225,0,0.0
0.5211424,0.672597,-0.1,0.05,0.225,0,0.0
0.5211424,0.0,-0.1,0.05,0.10888888888888887,0,0.0
0.21916848,0.0,-0.1,0.05,0.10888888888888887,0,0.1
-0.098410085,0.0,-0.1,0.05,0.10888888888888887,0,0.0
0.0043816194,0.0,-0.1,0.05,0.10888888888888887,0,0.0
-0.11293201,0.0,-0.1,0.05,0.10888888888888887,0,0.0
-0.11293201,0.0,0.29,0.23,0.10888888888888887,0,0.0
-0.0653614,0.0,0.3,0.12,0.10888888888888887,0,0.0
-0.09493311,0.0,0.3,0.12,0.212,0,0.2
0.14429033,0.0,0.3,0.12,0.212,0,0.3
0.5778318,0.0,0.3,0.12,0.212,0,0.3
0.41910234,0.0,0.3,0.12,0.212,0,0.4
0.41910234,0.0,0.16,0.2,0.212,0,1.0
0.4434797,0.0,0.37,0.4,0.212,0,1.0
0.26063105,0.0,0.37,0.4,0.212,0,1.0
-0.062326103,0.0,0.37,0.4,0.212,0,0.9
-0.062326103,0.0,0.18,0.05,0.212,0,0.6
0.1259152,0.0,0.18,0.05,0.212,0,0.4
-0.08554189,0.0,0.18,0.05,0.212,0,0.0
-0.08554189,0.0,0.18,0.05,0.3133750000000001,0,-0.1
0.54163706,0.0,0.18,0.05,0.3133750000000001,0,-0.2
0.54163706,0.571563,0.18,0.05,0.3133750000000001,0,-0.3
0.3197819000000001,0.571563,0.18,0.05,0.3133750000000001,0,-0.5
0.116965845,0.571563,0.18,0.05,0.3133750000000001,0,-0.7
-0.08311039,0.571563,0.18,0.05,0.3133750000000001,0,-0.5
-0.13723241,0.571563,0.07,0.35,0.3133750000000001,0,-1.0
-0.0026104935,0.571563,0.07,0.35,0.3133750000000001,0,-0.9
0.019026846,0.571563,0.07,0.35,0.3133750000000001,0,-0.6
0.538956,0.571563,0.07,0.35,0.3133750000000001,0,-0.6
0.538956,0.571563,0.25,0.34,0.3133750000000001,0,-0.4
0.64844185,0.571563,0.25,0.34,0.3133750000000001,0,-0.4
0.6751784000000001,0.571563,0.25,0.34,0.3133750000000001,0,-0.3
0.30542472,0.571563,0.25,0.34,0.3133750000000001,0,0.5
0.08686144,0.571563,0.25,0.34,0.3133750000000001,0,0.5
-0.060401738,0.571563,0.25,0.34,0.3133750000000001,0,0.0
-0.09527905,0.571563,0.29,0.28,0.3133750000000001,0,0.0
-0.29190713,0.571563,0.29,0.28,0.3133750000000001,0,0.0
-0.121905655,0.571563,0.29,0.28,0.3133750000000001,0,-0.3
-0.061733276,0.571563,0.29,0.28,0.3133750000000001,0,-0.2
0.55174404,0.571563,0.29,0.28,0.3133750000000001,0,0.0
0.6870533000000001,0.571563,0.29,0.28,0.3133750000000001,0,0.0
0.41210222,0.571563,0.29,0.28,0.3133750000000001,0,0.0
-0.13672993,0.571563,0.29,0.28,0.3133750000000001,0,0.0
-0.13672993,0.571563,0.29,0.28,0.3133750000000001,0,0.0
0.3894715,0.571563,0.29,0.28,0.3133750000000001,0,0.0
0.3894715,0.571563,0.31,0.34,0.3133750000000001,0,0.0
0.49457884,0.571563,0.31,0.34,0.3133750000000001,0,0.0
0.25685906,0.571563,0.31,0.34,0.3133750000000001,0,0.0
-0.4899782999999999,0.571563,0.31,0.34,0.3133750000000001,0,0.0
-0.27759090000000003,0.571563,0.31,0.34,0.3133750000000001,0,0.0
-0.27759090000000003,0.571563,-0.06,0.05,0.3133750000000001,0,0.0
-0.073307335,0.571563,-0.06,0.05,0.3133750000000001,0,-0.3
-0.05440405,0.571563,-0.06,0.05,0.6,0,-0.3
-0.052948065,0.0,-0.06,0.05,0.6,0,-0.2
0.24353462,0.0,-0.06,0.05,0.6,0,-0.3
0.2117058,0.0,-0.06,0.05,0.7,0,-0.3
0.2117058,0.8378610000000001,-0.06,0.05,0.7,0,-0.3
-0.2565462,0.8378610000000001,-0.06,0.05,0.7,0,-0.3
0.49683553,0.8378610000000001,-0.06,0.05,0.7,0,-0.3
0.49683553,0.8378610000000001,-0.06,0.05,0.7,0,-0.3
0.7126584,0.8378610000000001,-0.06,0.05,0.7,0,0.0
0.50030756,0.8378610000000001,-0.06,0.05,0.7,0,-0.2
0.50030756,0.8378610000000001,-0.04,0.14,0.7,0,-0.2
0.3435297,0.8378610000000001,-0.04,0.14,0.7,0,-0.3
0.3435297,0.8378610000000001,-0.04,0.14,0.7,0,-0.3
0.3435297,0.8378610000000001,0.1,0.04,0.7,0,-0.3
0.18273667,0.8378610000000001,0.1,0.04,0.7,0,-0.3
-0.05752056,0.8378610000000001,0.1,0.04,0.7,0,-0.2
0.18215242,0.8378610000000001,0.1,0.04,0.7,0,-0.2
0.18215242,0.8378610000000001,0.1,0.04,0.375,0,-0.3
0.18215242,0.811875,0.1,0.04,0.375,0,-0.3
-0.028282128,0.811875,0.1,0.04,0.375,0,-0.3
-0.028282128,0.811875,0.32,0.3,0.375,0,-0.3
-0.12905888,0.811875,0.32,0.3,0.375,0,-0.4
0.12707883,0.811875,0.32,0.3,0.375,0,-0.4
0.35826916,0.811875,0.32,0.3,0.375,0,-0.3
0.35048968,0.811875,0.32,0.31,0.375,0,-0.5
0.06174784,0.811875,0.32,0.31,0.375,0,-0.7
-0.0012561493,0.811875,0.32,0.31,0.0,0,-1.0
-0.0012561493,0.0,0.32,0.31,0.0,0,-1.0
0.0060166903,0.0,0.32,0.31,0.26666666666666666,0,-1.0
0.0060166903,-0.8809889999999999,0.32,0.31,0.26666666666666666,0,-0.9
-0.12655005,-0.8809889999999999,0.32,0.31,0.26666666666666666,0,-0.9
-0.10817269999999997,-0.8809889999999999,0.27,0.26,0.26666666666666666,0,-1.0
-0.13055684,-0.8809889999999999,0.27,0.26,0.26666666666666666,0,-1.0
0.23930037,-0.8809889999999999,0.27,0.26,0.26666666666666666,0,-0.7
0.5305429,-0.8809889999999999,0.27,0.26,0.26666666666666666,0,-0.7
0.48948443,-0.8809889999999999,0.27,0.26,0.26666666666666666,0,-0.8
0.66134197,-0.8809889999999999,0.27,0.26,0.26666666666666666,0,-0.8
0.6254915,-0.8809889999999999,0.26,0.31,0.26666666666666666,0,-0.7
0.2880747,-0.8809889999999999,0.26,0.31,0.26666666666666666,0,-0.7
-0.121570915,-0.8809889999999999,0.26,0.31,0.26666666666666666,0,-0.6
-0.121570915,-0.8809889999999999,0.26,0.31,0.26666666666666666,0,-0.4
0.07897509,-0.8809889999999999,0.26,0.31,0.26666666666666666,0,-0.4
0.46638772,-0.8809889999999999,0.26,0.31,0.26666666666666666,0,-0.4
0.025427101,-0.8809889999999999,0.26,0.31,0.26666666666666666,0,-0.3
0.025427101,-0.8809889999999999,0.26,0.31,0.26666666666666666,0,-0.3
0.025427101,-0.8809889999999999,0.26,0.31,0.0,0,-0.3
0.025427101,0.0,0.26,0.31,0.0,0,-0.3
-0.10249609,0.0,0.26,0.31,0.0,0,-0.3
-0.10249609,0.0,0.26,0.31,-0.125,0,-0.3
-0.10249609,-0.586892,0.26,0.31,-0.125,0,-0.3
0.048372105,-0.586892,0.26,0.31,-0.125,0,-0.3
0.17600134,-0.586892,0.26,0.31,-0.125,0,-0.4
0.17600134,-0.586892,0.19,0.24,-0.125,0,-0.3
-0.075030565,-0.586892,0.19,0.24,-0.125,0,-0.2
0.002341576,-0.586892,0.19,0.24,-0.6999999999999998,0,-0.4
-0.48327196,-0.586892,0.19,0.24,-0.6999999999999998,0,-0.3
-0.42217854,-0.931034,0.19,0.24,-0.6999999999999998,0,-0.3
-0.42217854,-0.931034,0.19,0.24,0.0,0,-0.3
-0.44925487,0.7222390000000001,0.19,0.24,0.0,0,-0.3
0.008745961,0.7222390000000001,0.19,0.24,0.0,0,-0.3
-0.16532981,0.7222390000000001,0.19,0.24,0.0,0,-0.4
-0.16532981,0.7222390000000001,0.19,0.24,0.2775,0,-0.4
-0.08923109,0.0,0.19,0.24,0.2775,0,-0.3
0.0072123073,0.0,0.31,0.28,0.2775,0,-0.3
-0.13007987,0.0,0.31,0.28,0.2775,0,-0.4
-0.13186961,0.0,0.3,0.29,0.2775,0,-0.4
0.014071584,0.0,0.3,0.29,0.2775,0,-0.4
-0.11124784,0.0,0.3,0.29,0.2775,0,-0.4
-0.099722624,0.0,0.17,0.06,0.2775,0,-0.3
0.12248176,0.0,0.17,0.06,0.2775,0,-0.8
0.12248176,0.0,0.09,-0.01,0.2775,0,-0.6
0.41619125,0.0,0.09,-0.01,0.2775,0,-0.6
0.2446136,0.0,0.09,-0.01,0.2775,0,-0.3
0.36500582,0.0,0.09,-0.01,0.2775,0,-0.3
0.36500582,0.0,0.21,0.18,0.2775,0,0.0
0.17876703,0.0,0.21,0.18,0.2775,0,0.0
0.009168308,0.0,0.21,0.18,0.2775,0,0.3
0.009168308,0.0,0.28,0.27,0.2775,0,0.3
-0.1957047,0.0,0.28,0.27,0.2775,0,0.3
-0.093920514,0.0,0.28,0.27,0.2775,0,0.3
-0.07223117,0.0,0.28,0.27,-0.06333333333333334,0,0.2
-0.13233033,0.0,0.23,0.53,-0.06333333333333334,0,0.0
-0.3491406,0.0,0.23,0.53,-0.06333333333333334,0,0.0
-0.13082944,0.0,0.23,0.53,-0.06333333333333334,0,0.0
0.18774095,0.0,0.23,0.53,-0.06333333333333334,0,0.0
0.18774095,0.0,0.23,0.53,-0.65,0,0.0
-0.12334564,0.0,0.23,0.53,-0.65,0,0.2
0.04442809,0.0,0.23,0.53,-0.65,0,0.2
0.19588707,0.0,0.23,0.53,-0.65,0,0.3
0.25397800000000004,0.0,0.23,0.53,0.0,0,0.4
0.25397800000000004,0.608604,0.23,0.53,0.0,0,0.4
0.28230152,0.608604,0.22,0.18,0.0,0,0.4
0.13869458,0.608604,0.22,0.18,0.0,0,0.4
0.6881168000000001,0.608604,0.22,0.18,0.0,0,0.4
0.7497397,0.608604,0.22,0.18,0.0,0,0.4
0.582509,0.608604,0.22,0.18,0.0,0,0.2
0.19287683,0.608604,0.22,0.18,0.0,0,0.2
0.2550516,0.0,0.22,0.18,0.0,0,0.0
0.24521664,0.0,0.22,0.18,0.0,0,0.0
0.2851776,0.0,0.22,0.18,-0.1555555555555556,0,0.0
0.2851776,-0.5121640000000001,0.22,0.18,-0.1555555555555556,0,0.0
-0.01716213,-0.5121640000000001,0.22,0.18,-0.1555555555555556,0,0.0
-0.01716213,-0.5121640000000001,0.0,0.24,-0.1555555555555556,0,0.0
0.08400391,-0.5121640000000001,0.0,0.24,-0.1555555555555556,0,0.0
0.111188754,-0.5121640000000001,0.24,0.23,-0.1555555555555556,0,0.0
0.23230135,-0.5121640000000001,0.24,0.23,-0.1555555555555556,0,0.0
-0.10068409,-0.5121640000000001,0.24,0.23,-0.1555555555555556,0,0.0
0.08234448,-0.5121640000000001,0.24,0.23,-0.1555555555555556,0,0.0
-0.07587725,-0.5121640000000001,0.24,0.23,-0.1555555555555556,0,0.0
-0.07587725,-0.5121640000000001,0.33,0.32,-0.1555555555555556,0,0.2
0.122958235,-0.5121640000000001,0.33,0.32,-0.1555555555555556,0,0.3
-0.057680354,-0.5121640000000001,0.33,0.32,-0.1555555555555556,0,0.2
0.11612557,-0.5121640000000001,0.33,0.32,-0.1555555555555556,0,0.2
-0.001968462,-0.5121640000000001,0.33,0.32,-0.1555555555555556,0,0.2
0.4212365,-0.5121640000000001,0.33,0.32,-0.1555555555555556,0,0.2
0.07672215,-0.5121640000000001,0.33,0.32,-0.1555555555555556,0,0.2
0.07672215,-0.5121640000000001,0.12,-0.03,-0.1555555555555556,0,0.3
0.44257948,-0.5121640000000001,0.12,-0.03,-0.1555555555555556,0,0.3
0.44257948,-0.5121640000000001,0.12,-0.03,-0.1555555555555556,0,0.3
0.59850895,-0.5121640000000001,0.12,-0.03,-0.1555555555555556,0,0.3
0.66348517,-0.5121640000000001,0.12,-0.03,-0.1555555555555556,0,0.3
0.40177783,-0.5121640000000001,0.12,-0.03,-0.1555555555555556,0,0.3
0.40177783,-0.5121640000000001,0.2,0.17,-0.1555555555555556,0,0.3
0.15690076,-0.5121640000000001,0.2,0.17,-0.1555555555555556,0,0.3
-0.04832674,-0.5121640000000001,0.2,0.17,-0.1555555555555556,0,0.3
-0.04832674,-0.5121640000000001,0.35,0.46,-0.1555555555555556,0,0.4
0.36235198,-0.5121640000000001,0.35,0.46,-0.1555555555555556,0,0.4
0.38937673,-0.5121640000000001,0.37,0.12,-0.1555555555555556,0,0.4
0.44768366,-0.5121640000000001,0.37,0.12,-0.1555555555555556,0,0.4
0.26741236,-0.5121640000000001,0.37,0.12,-0.1555555555555556,0,0.4
0.6910044,-0.5121640000000001,0.37,0.12,-0.1555555555555556,0,0.4
0.5870628000000001,-0.5121640000000001,0.37,0.12,-0.1555555555555556,0,0.5
0.5870628000000001,-0.5121640000000001,0.37,0.12,-0.1555555555555556,0,0.5
0.5870628000000001,-0.5121640000000001,0.37,0.12,-0.1555555555555556,0,0.5
0.018938106,-0.5121640000000001,0.37,0.12,-0.1555555555555556,0,0.7
0.018938106,-0.5121640000000001,0.37,0.12,-0.1555555555555556,0,0.6
0.5419746,-0.5121640000000001,0.37,0.12,-0.1555555555555556,0,0.6
0.022942524,-0.5121640000000001,0.37,0.12,-0.1555555555555556,0,0.6
0.0036195368,0.619821,0.37,0.12,0.8,0,0.5
-0.05431798,0.619821,0.36,0.19,0.8,0,0.5
-0.05431798,0.619821,0.36,0.19,0.35,0,0.8
-0.16885911,0.619821,0.36,0.19,0.35,0,0.0
-0.16885911,0.768569,0.36,0.19,0.35,0,0.8
-0.101572156,0.768569,0.18,0.18,0.35,0,0.9
0.43080893,0.768569,0.18,0.18,0.35,0,0.9
0.2980129,0.768569,0.18,0.18,0.35,0,0.8
0.33675959999999994,0.768569,0.18,0.18,0.04999999999999999,0,0.8
0.33675959999999994,0.0,0.18,0.18,0.04999999999999999,0,0.8
0.36537215,-0.554176,0.18,0.18,0.04999999999999999,0,0.7
0.36537215,-0.554176,0.25,-0.18,0.04999999999999999,0,0.6
-0.13049218,-0.554176,0.25,-0.18,0.04999999999999999,0,0.6
0.3962387,-0.554176,0.25,-0.18,0.04999999999999999,0,0.6
0.5694100000000001,-0.554176,0.25,-0.18,0.04999999999999999,0,0.5
-0.14746965,0,0.25,-0.18,0,0,0.5
0.43908283,0.0,-0.06,-0.01,0.0,0,0.2
0.43908283,0.0,0.09,0.01,0.0,0,0.0
0.25427777,0.0,0.09,0.01,0.0,0,0.0
0.48689345,0.0,0.09,0.01,0.0,0,0.2
0.48689345,0.0,-0.04,-0.09,0.0,0,0.2
0.31202716,0.0,-0.04,-0.09,0.0,0,-0.3
-0.0047287755,0.0,-0.04,-0.09,0.0,0,-0.2
-0.3061967,0.0,-0.04,-0.09,0.0,0,-0.9
-0.3061967,0.0,-0.1,-0.05,0.0,0,-1.0
-0.27482313,0.0,0.04,0.05,0.0,0,-0.8
-0.1887493,0.0,0.01,0.04,0.0,0,-0.5
-0.020600952,0.0,0.01,0.04,0.0,0,-0.3
0.2246496,0.0,0.01,0.04,0.0,0,-0.3
0.62766623,0.0,0.01,0.04,0.0,0,-0.2
-0.45592034,0.0,0.01,0.04,0.0,0,-0.2
-0.45592034,0.0,0.1,0.03,0.0,0,0.0
-0.27505985,0.0,0.1,0.03,0.0,0,0.0
-0.03571347,0.0,0.1,0.03,0.0,0,0.0
0.03672065,0.0,0.07,0.01,0.0,0,0.0
-0.21015733,0.0,0.07,0.01,0.0,0,0.0
-0.050208353,0.0,0.07,0.01,0.0,0,0.0
-0.213696,0.0,0.07,0.01,0.0,0,0.0
-0.5033979000000001,0.0,0.07,0.01,0.0,0,0.0
-0.4895215,0.0,0.07,0.01,0.6,0,0.0
-0.5114112,0.0,0.05,0.01,0.6,0,0.0
-0.10055885,0.0,0.05,0.01,0.6,0,0.0
-0.06987399,0.0,0.05,0.01,0.225,0,0.0
-0.25174034,0.0,0.05,0.01,0.225,0,-0.2
-0.09650755,0.0,0.05,0.01,0.225,0,-0.2
-0.15630122,0.0,0.12,0.05,0.225,0,-0.2
-0.2689664,0.0,0.12,0.05,0.225,0,-0.3
-0.12862562,0.0,0.12,0.05,0.225,0,-0.3
-0.12862562,-0.6331979999999999,0.12,0.05,0.0,0,-0.2
-0.006705627,-0.6331979999999999,0.12,0.05,0.0,0,-0.2
-0.006705627,0.0,0.12,0.05,0.225,0,-0.2
-0.46881264,0.0,0.12,0.05,0.225,0,-0.2
-0.46881264,0.0,-0.01,-0.05,0.225,0,-0.2
-0.12622005,0.0,-0.01,-0.05,0.225,0,-0.2
0.107124165,0.0,-0.01,-0.05,0.225,0,-0.3
0.107124165,0.0,0.01,0.01,0.225,0,-0.3
0.004617464,0.0,0.01,0.01,0.225,0,-0.3
0.14208847,0.0,0.01,0.01,0.225,0,-0.4
0.14208847,0.0,0.07,0.04,0.225,0,-0.4
-0.14903578,0.0,0.07,0.04,0.225,0,-0.4
-0.11030567,0.0,0.08,0.05,0.225,0,-0.3
0.015173826,0.0,0.08,0.05,0.225,0,-0.2
-0.08958544,0.0,0.08,0.05,0.225,0,-0.2
-0.08958544,-0.740264,0.08,0.05,-0.025,0,-0.2
0.22856915,-0.740264,0.08,0.05,-0.025,0,-0.2
0.22856915,-0.740264,0.03,-0.1,-0.025,0,-0.2
-0.10636294,-0.740264,0.03,-0.1,-0.025,0,-0.2
0.0382457,-0.740264,0.03,-0.1,-0.025,0,-0.2
0.39360443,-0.740264,0.03,-0.1,-0.025,0,-0.2
0.041550957,-0.740264,0.03,-0.1,-0.025,0,-0.2
-0.11298101,-0.740264,0.03,-0.1,-0.025,0,0.0
-0.112967685,-0.740264,0.09,-0.03,-0.025,0,-0.2
-0.35901648,-0.740264,0.09,-0.03,-0.025,0,-0.2
-0.35901648,0.0,0.09,-0.03,0.25,0,-0.2
-0.35901648,0.0,-0.05,0.1,0.25,0,-0.2
-0.17768902,0.0,-0.05,0.1,0.25,0,-0.2
0.17856124,0.0,-0.05,0.1,0.25,0,-0.2
0.41691968,0.0,-0.05,0.1,0.25,0,-0.2
-0.14122713,0.0,-0.05,0.1,0.25,0,0.0
-0.14122713,0.0,0.16,0.06,0.25,0,0.0
-0.17001170000000002,0.0,0.16,0.06,0.0,0,0.0
-0.15390803,0.0,0.03,-0.03,0.0,0,-0.1
-0.05390448,0.0,0.03,-0.03,0.0,0,-0.2
-0.07424775,0.0,-0.04,-0.17,0.0,0,0.0
-0.06615343,-0.687421,-0.04,-0.17,-0.4777777777777778,0,-0.2
0.40758365,-0.687421,-0.04,-0.17,-0.4777777777777778,0,-0.2
0.49712506,-0.687421,-0.05,0.03,-0.4777777777777778,0,-0.1
0.5514223,-0.687421,0.03,0.1,-0.4777777777777778,0,-0.2
0.11527513,-0.687421,0.03,0.1,-0.4777777777777778,0,-0.2
0.11527513,-0.687421,0.12,0.05,-0.4777777777777778,0,-0.2
0.0047747158,-0.687421,0.12,0.05,-0.4777777777777778,0,-0.2
0.27418196,-0.687421,0.12,0.05,-0.4777777777777778,0,-0.3
0.27418196,-0.687421,0.13,0.08,-0.4777777777777778,0,-0.3
0.28861973,0.0,0.13,0.08,0.008333333333333305,0,-0.3
0.018684078,0.0,0.13,0.08,0.008333333333333305,0,-0.3
-0.0933985,0.0,0.13,0.08,0.008333333333333305,0,-0.3
-0.0933985,0.0,0.11,0.02,0.008333333333333305,0,-0.3
0.20064914,0.0,0.11,0.02,0.008333333333333305,0,-0.3
0.4918393,0.0,0.11,0.02,0.008333333333333305,0,-0.2
0.4918393,0.0,0.11,0.02,0.008333333333333305,0,-0.2
0.48234758,0.0,-0.16,-0.04,0.008333333333333305,0,-0.2
0.24091226,0.0,-0.16,-0.04,0.008333333333333305,0,-0.3
0.24091226,0.0,-0.16,-0.04,0.008333333333333305,0,-0.3
-0.06392512,0.0,-0.16,-0.04,0.008333333333333305,0,-0.3
0.43154117,0.0,-0.16,-0.04,0.008333333333333305,0,-0.3
0.6328448,0.0,-0.16,-0.04,0.008333333333333305,0,0.0
0.6453821999999999,0.0,-0.16,-0.04,0.1336734693877551,0,0.0
0.47790205,0.0,-0.16,-0.04,0.1336734693877551,0,0.0
0.47790205,0.0,0.08,-0.02,0.1336734693877551,0,0.0
0.121133305,0.0,0.08,-0.02,0.1336734693877551,0,0.0
-0.274739,0.0,0.08,-0.02,0.1336734693877551,0,0.0
-0.274739,0.0,-0.05,0.02,0.1336734693877551,0,0.0
-0.057947993,0.0,-0.05,0.02,0.1336734693877551,0,0.0
-0.0035718791,0.0,0.05,0.08,0.1336734693877551,0,0.0
0.42212686,0.0,0.05,0.08,0.1336734693877551,0,0.0
0.42212686,0.0,0.13,0.09,0.1336734693877551,0,0.0
0.18400851,0.0,0.13,0.09,0.1336734693877551,0,0.0
-0.05004739,0.0,0.13,0.09,0.1336734693877551,0,0.0
-0.006897941,0.0,0.13,0.14,0.1336734693877551,0,0.0
-0.13884196,0.0,0.13,0.14,0.1336734693877551,0,0.0
-0.037987918,0.0,0.13,0.14,0.1336734693877551,0,0.0
0.17845924,0.0,0.13,0.14,0.1336734693877551,0,-0.2
0.17845924,0.0,0.16,-0.0,0.1336734693877551,0,-0.2
-0.03417401,0.0,0.16,-0.0,0.1336734693877551,0,-0.2
-0.16760533,0.0,0.16,-0.0,0.1336734693877551,0,-0.3
-0.052169405,0.0,0.16,-0.0,0.1336734693877551,0,-0.3
0.026465705,0.0,0.12,-0.16,0.1336734693877551,0,-0.3
-0.17685379999999998,0.0,0.12,-0.16,0.1336734693877551,0,-0.3
-0.06707074,0.0,0.12,-0.16,0.1336734693877551,0,-0.3
-0.06707074,0.0,0.12,-0.16,0.06349206349206349,0,-0.3
-0.1752433,0.0,0.12,-0.16,0.06349206349206349,0,-0.3
-0.07391554,0.0,0.12,-0.16,0.06349206349206349,0,-0.3
-0.07391554,0.0,0.1,0.08,0.06349206349206349,0,-0.3
-0.1092768,0.0,0.2,0.04,0.06349206349206349,0,-0.3
-0.107350856,-0.616354,0.2,0.04,0.06349206349206349,0,-0.2
-0.06380637,-0.616354,0.09,-0.11,0.06349206349206349,0,-0.3
-0.16407220000000006,-0.616354,0.09,-0.11,0.06349206349206349,0,-0.4
-0.5665279999999999,-0.616354,0.09,-0.11,0.06349206349206349,0,-0.4
-0.5665279999999999,-0.616354,-0.11,-0.21,0.06349206349206349,0,-0.4
-0.08831148,-0.616354,-0.11,-0.21,0.06349206349206349,0,-0.4
0.30373690000000003,-0.616354,-0.11,-0.21,0.06349206349206349,0,-0.4
0.30373690000000003,-0.616354,-0.01,-0.12,0.06349206349206349,0,-0.5
-0.03620959,-0.616354,-0.01,-0.12,0.06349206349206349,0,-0.5
-0.03620959,-0.616354,-0.07,-0.28,0.06349206349206349,0,-0.5
0.10925177,-0.616354,-0.07,-0.28,0.06349206349206349,0,-0.5
0.09300785,-0.616354,0.13,0.13,0.06349206349206349,0,-0.5
0.28843766,-0.616354,0.13,0.13,0.06349206349206349,0,0.0
0.28843766,-0.616354,0.02,0.06,0.06349206349206349,0,-0.4
-0.014489822,-0.616354,0.02,0.06,0.06349206349206349,0,-0.4
-0.08477378,-0.616354,-0.0,-0.0,0.06349206349206349,0,-0.6
-0.3039136,-0.616354,-0.0,-0.0,0.06349206349206349,0,-0.6
0.08928056,-0.616354,-0.0,-0.0,0.06349206349206349,0,-0.6
0.122157924,-0.616354,0.09,0.2,0.06349206349206349,0,-0.6
-0.027737223,-0.616354,0.09,0.2,0.06349206349206349,0,-0.5
-0.45572972,-0.616354,0.09,0.2,0.06349206349206349,0,-0.5
-0.5429828,-0.616354,-0.03,0.1,0.06349206349206349,0,-0.5
-0.28325364,-0.616354,-0.03,0.1,0.06349206349206349,0,-0.5
-0.13363689,-0.616354,-0.03,0.1,0.06349206349206349,0,-0.5
-0.30960786,-0.616354,-0.03,0.1,0.06349206349206349,0,-0.6
-0.049878947,-0.616354,-0.03,0.1,0.06349206349206349,0,-0.7
-0.2673122000000001,-0.616354,-0.03,0.1,0.06349206349206349,0,-0.7
0.0014202632,-0.616354,-0.03,0.1,0.06349206349206349,0,-0.7
0.20782547,-0.616354,-0.03,0.1,0.06349206349206349,0,-0.7
0.20782547,-0.616354,0.02,-0.0,0.06349206349206349,0,-0.6
0.41586143,-0.616354,0.02,-0.0,0.06349206349206349,0,-0.6
0.24263501,-0.616354,0.02,-0.0,0.06349206349206349,0,-0.6
0.24263501,-0.616354,0.05,0.06,0.06349206349206349,0,-0.7
0.5183883,-0.616354,0.05,0.06,0.06349206349206349,0,-1.0
0.14979228,-0.616354,0.14,0.11,0.06349206349206349,0,-1.0
-0.17312782,-0.616354,0.14,0.11,0.06349206349206349,0,-0.9
-0.04092983,-0.616354,0.14,0.11,0.06349206349206349,0,-1.0
0.34828103,-0.616354,0.14,0.11,0.06349206349206349,0,-1.0
0.4225324,-0.616354,0.06,0.13,0.06349206349206349,0,-0.7
0.1963409,-0.616354,0.06,0.13,0.06349206349206349,0,-0.7
0.1963409,0.0,0.06,0.13,0.4166666666666667,0,-0.7
0.35277185,0.0,0.06,0.13,0.4166666666666667,0,-0.7
-0.041695,0.0,0.06,0.13,0.4166666666666667,0,-0.7
0.048414223,0.0,0.06,0.13,-0.4285714285714286,0,-0.7
0.30228347,0.0,0.06,0.13,-0.4285714285714286,0,-0.7
-0.03747961,0.0,0.09,0.08,-0.4285714285714286,0,-0.7
0.1378682,0.0,0.09,0.08,-0.4285714285714286,0,-0.8
0.573422,0.0,0.09,0.08,-0.4285714285714286,0,-0.8
0.573422,0.0,0.02,0.23,-0.4285714285714286,0,-0.7
0.4428460999999999,0.0,0.02,0.23,-0.4285714285714286,0,-1.0
0.27973455,0.0,0.02,0.23,-0.4285714285714286,0,-1.0
0.39363414,0.0,0.02,0.23,-0.4285714285714286,0,-1.0
0.5741079000000001,0.0,0.02,0.23,-0.4285714285714286,0,-1.0
0.3006556,0.0,0.02,0.23,-0.4285714285714286,0,-1.0
-0.12944333,0.0,0.02,0.23,-0.4285714285714286,0,-1.0
0.39659905,0.0,0.02,0.23,-0.4285714285714286,0,-1.0
0.39659905,0.0,0.04,0.26,-0.4285714285714286,0,-0.9
0.40990368,-0.641497,0.04,0.26,-0.17857142857142858,0,-0.9
0.58584124,-0.641497,0.04,0.26,-0.17857142857142858,0,-0.9
0.54924715,-0.641497,0.08,0.11,-0.17857142857142858,0,-1.0
0.121761784,-0.641497,0.08,0.11,-0.17857142857142858,0,-0.7
-0.026202329,-0.641497,0.08,0.11,-0.17857142857142858,0,-0.7
0.06481497,-0.641497,0.13,0.11,-0.17857142857142858,0,-0.7
0.22855502,-0.641497,0.13,0.11,-0.17857142857142858,0,-0.7
0.11955793,-0.641497,0.13,0.11,-0.17857142857142858,0,-0.7
0.2080466,-0.641497,0.11,0.12,-0.17857142857142858,0,-0.7
0.3500621,-0.641497,0.11,0.12,-0.17857142857142858,0,-0.8
0.3500621,-0.641497,0.09,0.21,-0.17857142857142858,0,-0.8
0.24101532,-0.641497,0.09,0.21,-0.17857142857142858,0,-0.9
0.103585884,-0.641497,0.09,0.21,-0.17857142857142858,0,-1.0
0.34760574,-0.641497,0.09,0.21,-0.17857142857142858,0,-1.0
0.17258197,-0.641497,0.09,0.21,-0.17857142857142858,0,-1.0
0.36219087,-0.641497,0.09,0.21,-0.17857142857142858,0,-1.0
0.36219087,-0.641497,0.01,0.11,-0.17857142857142858,0,-0.9
-0.059506558,-0.641497,0.01,0.11,-0.17857142857142858,0,-0.9
0.09938739,-0.641497,0.01,0.11,-0.17857142857142858,0,-0.9
-0.05244349,-0.641497,0.01,0.11,-0.17857142857142858,0,-0.9
0.075901434,-0.641497,0.01,0.11,-0.17857142857142858,0,-0.9
0.075901434,-0.641497,0.04,0.17,-0.17857142857142858,0,-0.9
0.5745146,-0.641497,0.04,0.17,-0.17857142857142858,0,-0.8
0.5745146,-0.641497,0.04,-0.03,-0.17857142857142858,0,-0.8
0.40948278,-0.641497,0.04,-0.03,-0.17857142857142858,0,-0.8
0.54716796,-0.641497,0.04,-0.03,-0.17857142857142858,0,-0.8
0.31190258,-0.641497,0.04,-0.03,-0.17857142857142858,0,-0.8
0.5339674,-0.641497,0.04,-0.03,-0.17857142857142858,0,-0.8
0.36856195,-0.641497,0.04,-0.03,-0.17857142857142858,0,-0.7
0.29297334,-0.641497,0.05,0.18,-0.17857142857142858,0,-0.7
-0.0026433058,-0.641497,0.05,0.18,-0.17857142857142858,0,-0.7
-0.0026433058,-0.641497,-0.02,0.17,-0.17857142857142858,0,-0.7
-0.10443495,-0.641497,-0.02,0.17,-0.17857142857142858,0,-0.7
-0.22550902,-0.641497,-0.02,0.17,-0.17857142857142858,0,-0.7
-0.22550902,-0.645562,-0.02,0.17,-0.2,0,-0.6
-0.57354724,-0.645562,-0.02,0.17,-0.2,0,-0.6
-0.57354724,-0.645562,0.2,0.19,-0.2,0,-0.6
-0.30473033,-0.645562,0.2,0.19,-0.2,0,-0.7
-0.30473033,-0.645562,0.1,0.17,-0.2,0,-0.7
-0.053666204,-0.645562,0.1,0.17,-0.2,0,-0.7
0.052465428,-0.645562,0.1,0.17,-0.2,0,-0.8
0.23289277,-0.645562,0.1,0.17,-0.2,0,-0.8
0.23289277,-0.5335989999999999,0.1,0.17,0.0,0,-0.8
-0.040034443,-0.5335989999999999,0.1,0.17,0.0,0,-0.8
-0.1834876,-0.5335989999999999,0.1,0.17,0.0,0,-0.8
-0.07305382,-0.5335989999999999,0.1,0.17,0.0,0,-1.0
-0.07305382,-0.5335989999999999,0.16,0.19,0.0,0,-1.0
-0.332057,-0.5335989999999999,0.16,0.19,0.0,0,-1.0
-0.332057,-0.912567,0.16,0.19,0.08472222222222221,0,-1.0
-0.14834489999999995,-0.912567,0.16,0.19,0.08472222222222221,0,-1.0
-0.35327193,-0.912567,0.16,0.19,0.08472222222222221,0,-0.9
-0.20564738,-0.912567,0.16,0.19,0.08472222222222221,0,-0.9
0.19161925,-0.912567,0.16,0.19,0.08472222222222221,0,-0.9
0.40530986,-0.912567,0.16,0.19,0.08472222222222221,0,-0.8
0.00039843097,-0.912567,0.16,0.19,0.08472222222222221,0,-0.7
0.00039843097,-0.912567,0.06,0.07,0.08472222222222221,0,-0.7
0.25570953,-0.912567,0.06,0.07,0.08472222222222221,0,-0.7
0.35901675,-0.912567,0.06,0.07,0.08472222222222221,0,-0.5
-0.039747275,-0.912567,0.06,0.07,0.08472222222222221,0,-0.5
0.3491267,-0.912567,0.06,0.07,0.08472222222222221,0,-0.3
0.10066932,-0.912567,0.06,0.07,0.08472222222222221,0,-0.4
0.10066932,-0.912567,0.09,0.02,0.08472222222222221,0,-0.4
0.35122883,-0.912567,0.09,0.02,0.08472222222222221,0,-0.4
0.118447796,-0.912567,0.09,0.02,0.08472222222222221,0,-0.4
-0.09947783,-0.912567,0.09,0.02,0.08472222222222221,0,-0.4
0.16162819,-0.912567,0.09,0.02,0.08472222222222221,0,-0.5
0.16162819,0.0,0.09,0.02,0.0,0,-0.5
-0.10263434,0.0,0.09,0.02,0.0,0,-0.5
-0.10263434,0.0,0.09,0.02,0.1,0,-0.5
-0.06216547,0.0,0.16,0.05,0.1,0,-0.5
0.053440053,0.0,0.16,0.05,0.1,0,-0.5
0.053440053,0.0,0.16,0.05,0.0,0,-0.5
-0.01973188,0.0,0.05,-0.03,0.0,0,-0.5
0.25199023,0.0,0.05,-0.03,0.0,0,-0.5
0.50689864,0.0,0.05,-0.03,0.0,0,-0.4
0.020882756,0.0,0.05,-0.03,0.0,0,-0.4
0.04317259,0.0,0.1,0.04,0.0,0,-0.4
0.04317259,0.512758,0.1,0.04,0.25,0,-0.4
-0.036949866,0.512758,0.02,0.03,0.25,0,-0.7
0.24652345,0.512758,0.02,0.03,0.25,0,-0.8
0.24652345,0.512758,0.03,0.0,0.25,0,-0.8
-0.43675926,0.512758,0.03,0.0,0.25,0,-0.8
-0.4814164000000001,0.512758,0.1,0.16,0.25,0,-0.8
-0.43858507,-0.6385270000000001,0.1,0.16,0.0,0,-0.7
-0.4477808,0.0,0.1,0.16,0.1,0,-0.6
-0.19195062,0.0,0.1,0.16,0.1,0,-0.6
-0.19195062,0.0,0.19,0.17,0.1,0,-0.5
0.32511392,0.0,0.19,0.17,0.1,0,-0.5
-0.019946158,0.0,0.19,0.17,0.1,0,-0.3
-0.019946158,0.0,0.19,0.17,0.4,0,-0.3
0.38630164,0.0,0.19,0.17,0.4,0,0.0
0.61278266,0.0,0.19,0.17,0.4,0,-0.4
0.260962,0.0,0.19,0.17,0.4,0,-0.4
0.098176986,0.0,0.19,0.17,0.4,0,-0.4
0.098176986,0.0,0.19,0.17,-0.025,0,-0.3
0.098176986,0.0,-0.01,-0.12,-0.025,0,-0.3
0.19896151,0.0,-0.01,-0.12,-0.025,0,-0.3
0.09748919,0.0,-0.01,-0.12,-0.025,0,-0.2
0.3790211,0.0,-0.01,-0.12,-0.025,0,-0.2
0.6137099,0.0,-0.01,-0.12,-0.025,0,-0.2
0.50576645,0.0,-0.01,-0.12,-0.025,0,-0.2
0.50576645,0.0,-0.01,-0.12,-0.125,0,-0.2
0.23436348,0.0,-0.01,-0.12,-0.125,0,-0.3
0.2803213,0.0,-0.01,-0.12,0.0,0,-0.2
0.2803213,0.0,0.08,-0.06,0.0,0,-0.2
0.42555454,0.0,0.08,-0.06,0.0,0,-0.2
0.36529514,0.0,-0.09,-0.06,0.0,0,-0.2
0.36529514,0.0,-0.09,-0.06,0.8,0,-0.2
0.4648977,0.511784,-0.09,-0.06,0.8,0,-0.2
0.55639565,0.511784,0.04,-0.1,0.8,0,-0.2
0.4957994000000001,0.511784,-0.18,0.13,0.8,0,-0.1
0.6136548000000001,0.511784,-0.18,0.13,0.8,0,-0.1
0.18976769,0,0,0,0,0,-0.2
0.6209004,0,0,0,0,0,-0.2
0.6038126,-0.581202,-0.1,0.18,-0.25,0,0.3
0.69205534,-0.581202,-0.1,0.18,-0.25,0,0.3
0.69205534,-0.581202,0.25,0.11,-0.25,0,0.3
0.28295112,-0.581202,0.25,0.11,-0.25,0,0.2
0.28295112,-0.581202,0.3,0.15,-0.25,0,0.0
0.010687672,-0.581202,0.3,0.15,-0.25,0,0.0
0.02064775,-0.581202,0.32,0.26,-0.25,0,0.0
0.02064775,0.0,0.32,0.26,0.0333333333333334,0,0.0
-0.15995245,0.0,0.32,0.26,0.0333333333333334,0,0.0
-0.04658468,0.0,0.32,0.26,0.0333333333333334,0,0.0
0.012478232,0.0,0.25,-0.02,0.0333333333333334,0,0.0
0.24950472,0.0,0.25,-0.02,0.0333333333333334,0,0.0
0.056097228,0.0,0.25,-0.02,0.0333333333333334,0,0.0
0.056097228,0.0,0.25,-0.02,0.0333333333333334,0,0.0
0.65037745,0.0,0.25,-0.02,0.0333333333333334,0,0.0
0.1256067,0.0,0.25,-0.02,0.0333333333333334,0,0.0
0.1256067,0.0,0.25,-0.02,0.0333333333333334,0,0.0
0.1256067,0.0,0.25,-0.02,0.0333333333333334,0,0.0
0.013095256,0.0,0.25,-0.02,0.0333333333333334,0,0.0
0.52067924,0.0,0.25,-0.02,0.0333333333333334,0,0.0
0.22379136,0.0,0.25,-0.02,0.0333333333333334,0,0.0
0.22379136,0.0,0.25,-0.02,0.0333333333333334,0,0.0
0.51451874,0.0,0.25,-0.02,0.0333333333333334,0,0.0
0.10358912,0.0,0.25,-0.02,0.0333333333333334,0,0.0
0.4222372,0.0,0.25,-0.02,0.0333333333333334,0,0.0
0.4222372,0.0,0.25,-0.02,0.0333333333333334,0,-0.2
0.4222372,0.0,0.37,0.24,0.0333333333333334,0,0.0
-0.31860536,0.0,0.37,0.24,0.0333333333333334,0,0.0
0.459771,0.0,0.37,0.24,0.0333333333333334,0,0.0
0.459771,0.0,0.17,-0.19,0.0333333333333334,0,0.0
0.459771,0.0,0.17,-0.19,0.0333333333333334,0,-0.2
0.04594214,0.0,0.17,-0.19,0.0333333333333334,0,-0.2
0.24099585,0.0,0.3,0.08,0.0333333333333334,0,-0.1
0.24099585,0.0,0.3,0.08,0.08,0,0.0
0.04732887,0.0,0.3,0.08,0.08,0,0.0
0.04732887,0.0,0.51,-0.09,0.08,0,0.0
-0.055927053,0.0,0.51,-0.09,0.08,0,0.0
-0.055927053,0.0,0.51,-0.09,0.13636363636363635,0,0.0
0.14083758,0.0,0.51,-0.09,0.13636363636363635,0,-0.2
0.14083758,0.0,0.05,-0.1,0.13636363636363635,0,-0.1
0.07953184,0.0,0.13,-0.06,0.13636363636363635,0,-0.1
0.07953184,0.612436,0.13,-0.06,0.13636363636363635,0,-0.1
0.16969867,0.612436,0.42,0.2,0.13636363636363635,0,-0.1
0.4744923,0.612436,0.42,0.2,0.13636363636363635,0,-0.1
0.4744923,0.0,0.42,0.2,0.0,0,-0.1
0.4744923,0.0,0.42,0.2,0.0,0,0.0
0.4359308,0.0,0.31,0.11,0.0,0,-0.1
0.5723134,0.0,0.31,0.11,0.0,0,-0.1
0.46366712,0.0,0.31,0.11,0.0,0,-0.1
0.46366712,0.0,0.31,0.11,0.0,0,-0.1
0.46366712,0.0,0.31,0.11,0.0,0,-0.2
0.3499935,0.0,0.31,0.11,0.0,0,-0.2
0.3499935,0.0,0.31,0.11,0.0,0,-0.2
0.40225822,0.505067,0.42,0.03,0.10486111111111113,0,-0.2
0.52287567,0.505067,0.42,0.03,0.10486111111111113,0,-0.2
0.35643634,0.505067,0.42,0.03,0.10486111111111113,0,-0.2
0.35643634,0.505067,0.24,0.05,0.10486111111111113,0,-0.2
0.2888794,0.505067,0.31,0.13,0.10486111111111113,0,-0.2
0.12012293,0.505067,0.31,0.13,0.10486111111111113,0,-0.2
0.28369612,0.505067,0.31,0.13,0.10486111111111113,0,-0.2
0.28369612,0.505067,0.29,0.07,0.10486111111111113,0,-0.2
-0.11663781,0.505067,0.29,0.07,0.10486111111111113,0,-0.3
0.07474325,0.505067,0.29,0.07,0.10486111111111113,0,-0.1
0.07474325,0.505067,0.28,0.02,0.10486111111111113,0,-0.1
-0.15580651,0.505067,0.28,0.02,0.10486111111111113,0,-0.1
-0.040833607,0.505067,0.28,0.02,0.10486111111111113,0,-0.1
0.07802973,0.505067,0.28,0.02,0.10486111111111113,0,0.0
-0.18056332,0.505067,0.28,0.02,0.10486111111111113,0,0.0
-0.18056332,0.505067,-0.13,-0.43,0.10486111111111113,0,0.0
-0.026255436,0.505067,-0.13,-0.43,0.10486111111111113,0,0.0
0.08257226,0.505067,-0.13,-0.43,0.10486111111111113,0,0.0
0.13245234,0.505067,0.34,-0.2,0.10486111111111113,0,0.0
0.13245234,0.0,0.34,-0.2,0.10486111111111113,0,0.0
-0.36439806,0.0,0.34,-0.2,0.10486111111111113,0,0.0
-0.36439806,0.0,0.44,0.27,0.10486111111111113,0,0.0
-0.36439806,0.0,0.34,0.13,0.10486111111111113,0,0.0
-0.4856814,0.0,0.34,0.13,0.10486111111111113,0,0.0
-0.4856814,0.0,-0.13,-0.24,0.10486111111111113,0,0.0
0.0007481314,0.0,-0.13,-0.24,0.10486111111111113,0,0.0
0.15229411,0.0,-0.13,-0.24,0.10486111111111113,0,0.0
0.015287738,0.0,-0.13,-0.24,0.10486111111111113,0,0.0
0.010899648,0.0,0.17,0.08,0.10486111111111113,0,0.0
-0.050067365,0.0,0.44,0.23,0.10486111111111113,0,0.0
-0.1567591,0.0,0.44,0.23,0.10486111111111113,0,0.0
-0.1567591,0.0,0.34,0.17,0.10486111111111113,0,0.0
0.004366897,0.0,0.34,0.17,0.10486111111111113,0,0.0
0.051329263,0.0,0.22,0.03,0.10486111111111113,0,0.0
0.16141245,0.0,0.22,0.03,0.10486111111111113,0,0.0
0.14761649999999998,0.0,0.3,0.02,0.10486111111111113,0,0.0
0.049203526,0.0,0.3,0.02,0.45,0,0.2
-0.012612507,0.767837,0.3,0.02,0.6366666666666666,0,0.2
-0.07981931,0.767837,0.47,0.12,0.6366666666666666,0,0.1
0.028897993,0.767837,0.47,0.12,0.6366666666666666,0,0.1
0.028897993,0.767837,0.2,0.19,0.6366666666666666,0,0.0
0.00841992,0.0,0.2,0.19,-0.3333333333333333,0,-0.2
0.0004139319,0.0,0.45,0.18,-0.3333333333333333,0,-0.2
-0.09813051,0.0,0.28,0.2,-0.3333333333333333,0,-0.2
0.0436339,0.0,0.28,0.2,-0.3333333333333333,0,-0.2
0.2895198,0.0,0.28,0.2,-0.3333333333333333,0,0.0
0.19749421,0.0,0.28,0.2,0.35,0,0.0
0.5295479999999999,0.0,0.28,0.2,0.35,0,0.0
0.5295479999999999,0.0,0.3,0.05,0.35,0,0.0
0.20644224,0.0,0.3,0.05,0.35,0,0.0
-0.10029231,0.0,0.3,0.05,0.35,0,0.0
-0.0658279,0.0,0.49,0.39,0.35,0,-0.2
-0.2512795,0.0,0.49,0.39,0.35,0,0.0
-0.2512795,0.0,0.27,0.11,0.35,0,0.0
0.015368007,0.0,0.27,0.11,0.35,0,0.0
0.05103872,0.0,-0.06,-0.07,0.35,0,0.0
0.020623617,0.0,0.39,0.14,0.35,0,-0.2
-0.038381018,0.0,0.38,0.18,0.35,0,-0.3
-0.5134592,0.0,0.38,0.18,0.35,0,-0.3
0.25551504,0.0,0.38,0.18,0.35,0,-0.3
-0.2684616,0.0,0.38,0.18,0.35,0,-0.4
-0.2684616,0.0,0.32,-0.0,0.35,0,0.0
-0.031510226,0.0,0.32,-0.0,0.35,0,-0.4
-0.031510226,0.8804350000000001,0.32,-0.0,0.35,0,-0.3
-0.031510226,0.8804350000000001,0.32,-0.0,0.35,0,-0.3
0.1434685,0.8804350000000001,0.32,-0.0,0.35,0,-0.3
0.11975402,0.8804350000000001,0.32,-0.0,0.35,0,-0.3
0.11975402,0.8804350000000001,0.48,0.06,0.35,0,0.0
0.0791966,0.8804350000000001,0.01,-0.06,0.35,0,-0.3
0.18692903,0.8804350000000001,0.01,-0.06,0.35,0,-0.2
0.18692903,0.8804350000000001,0.35,0.26,0.35,0,-0.2
0.24399228,0.8804350000000001,0.23,0.08,0.35,0,-0.2
-0.008765154,0.8804350000000001,0.23,0.08,0.35,0,-0.2
0.007945105,-0.610237,0.23,0.08,-0.05833333333333333,0,-0.2
-0.038620077,-0.610237,0.37,0.16,-0.05833333333333333,0,-0.2
-0.036999457,0.0,0.37,0.16,0.5,0,-0.2
-0.08612274,0.0,0.24,0.01,0.5,0,-0.2
0.049254723,0.0,0.24,0.01,0.5,0,-0.2
0.049254723,0.0,0.09,0.06,0.5,0,-0.2
0.038477805,-0.7982670000000001,0.09,0.06,-0.6999999999999998,0,-0.2
-0.08266032,-0.7982670000000001,0.09,0.06,-0.6999999999999998,0,0.0
-0.08266032,-0.7982670000000001,0.27,0.15,-0.6999999999999998,0,-0.2
0.18743809,-0.7982670000000001,0.27,0.15,-0.6999999999999998,0,-0.2
0.18743809,-0.7982670000000001,0.13,-0.2,-0.6999999999999998,0,-0.2
0.0031470992,-0.7982670000000001,0.13,-0.2,-0.6999999999999998,0,-0.2
0.012064098999999998,-0.7982670000000001,0.06,0.11,-0.6999999999999998,0,-0.1
0.0128390975,-0.7982670000000001,0.35,0.18,-0.6999999999999998,0,0.0
-0.11451079,-0.7982670000000001,0.35,0.18,-0.6999999999999998,0,0.0
-0.020081714,-0.7982670000000001,0.35,0.18,-0.6999999999999998,0,0.0
0.27076387,-0.7982670000000001,0.35,0.18,-0.6999999999999998,0,0.0
0.27076387,-0.7982670000000001,0.51,0.31,-0.6999999999999998,0,0.0
0.56764126,-0.7982670000000001,0.51,0.31,-0.6999999999999998,0,0.0
0.4134601,-0.7982670000000001,0.51,0.31,-0.6999999999999998,0,0.0
0.30855954,-0.7982670000000001,0.12,-0.12,-0.6999999999999998,0,0.0
0.30855954,-0.7982670000000001,0.12,-0.12,-0.6999999999999998,0,0.0
0.30158964,0.8804350000000001,0.12,-0.12,0.0,0,0.0
0.18030666,0.8804350000000001,0.12,-0.12,0.0,0,-0.2
0.050667405,0.8804350000000001,0.12,-0.12,0.0,0,-0.2
-0.054781415,0.8804350000000001,0.12,-0.12,0.0,0,-0.4
-0.07612173,0.8804350000000001,0.31,0.18,0.0,0,-0.4
-0.07612173,0.645604,0.31,0.18,-0.04999999999999999,0,-0.2
-0.055368125,0.645604,0.35,0.16,-0.04999999999999999,0,-0.2
-0.028834365,0.645604,0.47,0.17,-0.04999999999999999,0,-0.2
-0.005220659,0.645604,0.47,0.17,-0.04999999999999999,0,-0.2
0.42435613,0.645604,0.47,0.17,-0.04999999999999999,0,0.0
0.55734235,0.645604,0.47,0.17,-0.04999999999999999,0,0.0
0.55734235,0.645604,0.27,0.37,-0.04999999999999999,0,0.0
0.5146672999999999,0.645604,0.27,0.37,-0.04999999999999999,0,0.0
0.5146672999999999,-1.0,0.27,0.37,0.0,0,0.0
0.16913462,-1.0,0.27,0.37,0.0,0,0.0
0.018667422,-1.0,0.27,0.37,0.0,0,0.0
0.018667422,-1.0,0.33,0.21,0.0,0,0.0
0.24187824,-1.0,0.33,0.21,0.0,0,0.0
0.3092698,-1.0,0.27,0.09,0.0,0,0.1
0.25916088,-0.933419,0.27,0.09,-0.20277777777777775,0,0.2
-0.007326044,-0.933419,0.27,0.09,-0.20277777777777775,0,0.2
-0.007326044,-0.933419,0.36,0.2,-0.20277777777777775,0,0.0
-0.022020504,-0.933419,0.36,0.2,-0.20277777777777775,0,0.0
-0.5030583,-0.933419,0.36,0.2,-0.20277777777777775,0,0.0
0.4137262,-0.933419,0.36,0.2,-0.20277777777777775,0,0.0
0.52153075,-0.933419,0.36,0.2,-0.20277777777777775,0,0.0
0.52153075,-0.933419,0.33,0.09,-0.20277777777777775,0,0.0
0.40314612,-0.933419,0.33,0.09,-0.20277777777777775,0,0.0
-0.1405655,-0.933419,0.33,0.09,-0.20277777777777775,0,0.0
-0.1405655,0.0,0.33,0.09,0.0,0,0.0
0.27156857,0.0,0.33,0.09,0.0,0,0.0
0.066140935,0.0,0.33,0.09,0.0,0,0.0
0.066140935,0.0,0.33,0.09,-0.10000000000000002,0,0.0
0.047902465,0.0,0.35,0.07,-0.10000000000000002,0,0.0
0.23075464,0.0,0.35,0.07,-0.10000000000000002,0,0.0
0.6544761,0.0,0.35,0.07,-0.10000000000000002,0,0.0
0.6544761,0.0,0.28,-0.11,-0.10000000000000002,0,0.0
0.6811271,0.0,0.28,-0.11,-0.10000000000000002,0,0.0
0.6811271,0.0,0.4,0.38,-0.10000000000000002,0,0.0
0.6548013,0.0,0.46,0.16,-0.10000000000000002,0,0.0
0.6242827,0.0,0.46,0.16,-0.10000000000000002,0,0.0
0.5157050999999999,0.0,0.46,0.16,-0.10000000000000002,0,0.0
0.5157050999999999,0.0,0.51,0.37,-0.10000000000000002,0,0.0
0.46615216,0.0,0.51,0.37,-0.10000000000000002,0,0.0
0.562194,0.0,0.74,0.28,-0.10000000000000002,0,0.0
0.054144107,0.0,0.74,0.28,-0.10000000000000002,0,-0.2
0.054144107,0.0,0.74,0.28,-0.10000000000000002,0,-0.2
0.054144107,0.0,0.15,-0.07,-0.10000000000000002,0,-0.1
0.122282185,0.0,0.15,-0.07,-0.10000000000000002,0,-0.2
0.1481521,0.0,0.4,0.23,-0.10000000000000002,0,-0.2
0.22389053,0.0,0.16,0.03,-0.10000000000000002,0,-0.3
0.1083211,0.0,0.16,0.03,-0.10000000000000002,0,-0.3
0.1083211,0.0,0.16,0.03,-0.10000000000000002,0,-0.3
-0.034603216,0.0,0.16,0.03,-0.10000000000000002,0,-0.3
0.13096575,0.0,0.16,0.03,-0.10000000000000002,0,-0.3
-0.24309570000000005,0.0,0.16,0.03,-0.10000000000000002,0,-0.3
-0.24309570000000005,0.0,0.26,0.2,-0.10000000000000002,0,-0.3
-0.27535218,0.0,0.31,0.03,-0.10000000000000002,0,-0.3
0.007105369,0.0,0.31,0.03,-0.10000000000000002,0,-0.2
0.007105369,0.0,0.31,0.03,-0.10000000000000002,0,-0.2
0.3433829,0.0,0.31,0.03,-0.10000000000000002,0,-0.2
0.3433829,0.0,0.31,0.03,0.0,0,-0.2
0.22617672,0.0,0.31,0.03,0.0,0,0.0
0.3633524,0.0,0.31,0.03,0.0,0,-0.2
0.3633524,0.0,0.31,0.03,0.0,0,-0.2
0.19651555,0.0,0.31,0.03,0.0,0,-0.2
-0.2038163,0.0,0.31,0.03,0.0,0,-0.1
-0.2038163,0.0,0.2,0.12,0.0,0,-0.1
0.010367867,0.0,0.2,0.12,0.0,0,-0.1
0.010367867,-0.789927,0.2,0.12,-0.4666666666666666,0,-0.1
-0.10595918,-0.789927,0.2,0.12,-0.4666666666666666,0,-0.1
-0.04241889,-0.789927,0.23,0.07,-0.4666666666666666,0,-0.1
0.09666442,-0.789927,0.23,0.07,-0.4666666666666666,0,-0.1
0.10540447,-0.789927,0.27,0.06,-0.4666666666666666,0,0.0
0.22107999,-0.789927,0.27,0.06,-0.4666666666666666,0,-0.1
0.22107999,-0.789927,0.29,0.03,-0.4666666666666666,0,-0.1
0.43617666,-0.789927,0.29,0.03,-0.4666666666666666,0,-0.1
0.43617666,-0.789927,0.42,0.15,-0.4666666666666666,0,-0.1
0.33758575,-0.789927,0.35,0.15,-0.4666666666666666,0,-0.1
0.0068409406,-0.789927,0.35,0.15,-0.4666666666666666,0,-0.1
0.03935224,-0.789927,0.28,0.08,-0.4666666666666666,0,-0.1
-0.07366204,-0.789927,0.28,0.08,-0.4666666666666666,0,-0.1
0.10904982,-0.789927,0.28,0.08,-0.4666666666666666,0,-0.1
-0.10983765,-0.789927,0.28,0.08,-0.4666666666666666,0,-0.1
-0.10983765,0.0,0.28,0.08,0.1,0,-0.1
-0.12694381,0.0,0.51,0.4,0.1,0,-0.1
-0.12694381,0.0,0.51,0.4,0.0,0,-0.1
0.1339977,0.0,0.51,0.4,0.0,0,-0.2
0.1339977,0.0,0.51,0.17,0.0,0,-0.2
0.2083945,0.0,0.17,0.02,0.0,0,-0.2
0.2083945,0.655335,0.17,0.02,0.5,0,-0.2
0.022745252,0.655335,0.17,0.02,0.5,0,0.0
0.022745252,0.655335,0.4,0.04,0.5,0,-0.2
0.13271208,0.655335,0.4,0.04,0.5,0,-0.2
-0.096689254,0.655335,0.4,0.04,0.5,0,-0.2
-0.096689254,0.655335,1.12,2.01,0.5,0,-0.2
0.19548425,0.655335,1.12,2.01,0.5,0,-0.3
0.19548425,0.655335,0.23,0.01,0.5,0,-0.3
-0.052864708,0.655335,0.23,0.01,0.5,0,-0.3
-0.052864708,0.655335,-0.1,-0.24,0.5,0,-0.2
0.2509203,0.655335,-0.1,-0.24,0.5,0,-0.2
0.5883764,0.0,0.1,0.17,0.0,0,0.2
0.5883764,0.0,-0.04,-0.16,0.0,0,0.2
0.26724955,0.0,-0.04,-0.16,0.0,0,0.0
-0.08253237599999999,0.0,-0.04,-0.16,0.0,0,0.2
-0.08253237599999999,0.0,0.07,0.12,0.0,0,0.3
0.12724361,0.0,0.07,0.12,0.0,0,0.3
0.12724361,0.0,0.02,-0.11,0.0,0,0.3
0.33399785,0.0,0.02,-0.11,0.0,0,0.3
-0.028121822,0.0,0.02,-0.11,0.0,0,0.3
-0.028121822,0.553033,0.02,-0.11,0.0,0,0.2
-0.099920616,0.0,0.02,-0.11,-0.2,0,0.3
0.20217144,0.0,0.02,-0.11,-0.2,0,0.3
0.20217144,0.0,0.38,0.08,-0.2,0,0.3
-0.14842208,0.0,0.38,0.08,-0.2,0,0.3
0.09028224,0.0,0.38,0.08,-0.2,0,0.3
0.09028224,0.0,0.18,0.21,-0.2,0,0.2
-0.051940173,0.0,0.18,0.21,-0.2,0,0.2
0.10297488,0.0,0.18,0.21,-0.2,0,0.1
0.054126345,0.0,0.21,0.0,-0.2,0,0.1
-0.18778072,0.0,0.21,0.0,-0.2,0,0.0
-0.12924615,0.0,0.07,0.05,-0.2,0,0.0
0.094508626,0.0,0.07,0.05,-0.2,0,0.0
0.24722506,0.0,0.07,0.05,-0.2,0,0.0
0.24722506,0.0,0.35,0.19,-0.2,0,0.0
-8.269027e-05,0.0,0.35,0.19,-0.2,0,0.0
-0.010497831,0.0,0.39,0.08,-0.2,0,0.0
-0.0032996573,0.521949,0.39,0.08,0.0,0,0.0
-0.01964619,0.521949,0.34,0.1,0.0,0,0.0
-0.26092944,0.521949,0.34,0.1,0.0,0,0.0
-0.14479119,0.521949,0.34,0.1,0.0,0,0.0
-0.14479119,0.0,0.34,0.1,0.02500000000000001,0,0.0
-0.0717573,0.0,0.36,0.13,0.02500000000000001,0,0.0
0.029749969,0.0,0.36,0.13,0.02500000000000001,0,0.0
0.16818970000000005,0.0,0.36,0.13,0.02500000000000001,0,0.0
0.16818970000000005,0.0,0.57,0.37,0.02500000000000001,0,0.0
0.014787067,0.0,0.57,0.37,0.02500000000000001,0,0.0
0.15752329,0.0,0.57,0.37,0.02500000000000001,0,0.0
-0.07231659,0.0,0.57,0.37,0.02500000000000001,0,0.0
-0.014077708,0.0,0.57,0.37,-0.15,0,0.0
-0.014077708,0.0,0.27,0.09,-0.15,0,0.0
-0.18537584,0.0,0.27,0.09,-0.15,0,0.0
-0.18537584,0.0,0.31,0.04,-0.15,0,0.0
-0.18537584,0.0,0.31,0.04,0.4666666666666667,0,0.0
-0.30461583,0.0,0.31,0.04,0.4666666666666667,0,0.0
0.037807107,0.0,0.31,0.04,0.4666666666666667,0,0.0
0.037807107,0.0,0.31,0.04,0.4666666666666667,0,0.0
-0.041848525,0.0,0.31,0.04,0.0,0,0.0
-0.5100097,0.0,0.31,0.04,0.0,0,0.0
-0.5100097,0.0,0.31,0.04,0.0,0,0.0
-0.42618597,0.0,0.12,0.15,0.0,0,-0.1
-0.12758866,0.0,0.12,0.15,0.0,0,-0.1
0.2693889,0.0,0.12,0.15,0.0,0,-0.1
0.10029532,0.0,0.12,0.15,0.0,0,-0.2
0.10029532,0.0,0.04,0.15,0.0,0,-0.2
0.10029532,0.0,0.04,0.15,-0.3125,0,-0.2
0.31872272,0.0,0.04,0.15,-0.3125,0,-0.2
0.31872272,0.0,0.45,0.14,-0.3125,0,-0.2
0.047256473,0.0,0.45,0.14,-0.3125,0,-0.2
0.047256473,0.0,0.42,0.0,-0.3125,0,-0.2
-0.34934077,0.0,0.42,0.0,-0.3125,0,-0.2
-0.16842425,0.0,0.42,0.0,-0.3125,0,-0.2
-0.16842425,0.0,0.32,-0.02,-0.3125,0,-0.3
-0.06930897,0.0,0.43,0.26,-0.3125,0,-0.3
0.19935457,0.0,0.43,0.26,-0.3125,0,-0.3
0.19935457,0.0,0.33,0.07,-0.3125,0,-0.3
-0.5434886999999999,0.0,0.33,0.07,-0.3125,0,0.0
-0.032100603,0.0,0.33,0.07,-0.3125,0,-0.2
-0.032100603,0.0,0.34,0.04,-0.3125,0,-0.2
-0.16619274,0.0,0.34,0.04,-0.3125,0,0.0
0.038688973,0.0,0.34,0.04,-0.3125,0,0.0
0.0017362759,0.0,0.23,0.05,-0.3125,0,0.0
0.0017362759,-0.747015,0.23,0.05,-0.375,0,0.0
-0.016080685,-0.747015,0.3,0.09,-0.375,0,0.0
0.16544753,-0.747015,0.3,0.09,-0.375,0,0.0
0.1688447,0.0,0.3,0.09,0.2,0,0.0
0.18454613,0.0,0.35,0.08,0.2,0,0.0
0.29746038,0.0,0.35,0.08,0.2,0,0.0
0.29746038,0.0,0.74,0.48,0.2,0,0.0
-0.07430366,0.0,0.74,0.48,0.2,0,0.0
-0.07430366,0.0,0.47,0.19,0.2,0,0.0
0.038280547000000005,0.0,0.47,0.19,0.2,0,0.0
0.038280547000000005,0.0,-0.05,0.07,0.2,0,0.0
0.06110747,0.0,0.61,0.31,0.2,0,0.0
0.010449123,0.0,0.61,0.31,0.5,0,0.0
0.010449123,0.0,0.61,0.31,0.0,0,0.0
0.11524388,0.0,0.61,0.31,0.0,0,0.0
-0.06546857,0.0,0.18,0.06,0.0,0,0.0
-0.06546857,0.0,0.18,0.06,0.2,0,0.0
-0.06546857,0.0,0.52,0.22,0.2,0,0.0
-0.11327928,0.0,0.4,0.11,0.2,0,0.0
0.015214093,0.0,0.4,0.11,0.2,0,0.0
-0.13916008,0.0,0.4,0.11,0.2,0,0.0
0.01739315,0.0,0.4,0.11,0.2,0,0.0
-0.0935777,0.0,0.4,0.1,0.2,0,0.0
0.32053584,0.0,0.4,0.1,0.2,0,0.0
0.32053584,0.0,0.27,0.29,0.2,0,0.0
0.56328,0.0,0.27,0.29,0.2,0,0.0
0.56328,0.0,0.27,0.29,0.3,0,0.0
-0.47538704,0.0,0.27,0.29,0.3,0,0.0
0.5279236999999999,0.0,0.27,0.29,0.3,0,0.0
0.4569499,0.0,0.15,-0.01,0.3,0,0.0
0.4569499,0.0,0.15,-0.01,0.3,0,0.0
0.57443416,0.0,0.15,-0.01,0.3,0,0.0
0.57443416,0.0,0.31,0.2,0.3,0,0.0
0.5157788,0.0,0.37,0.16,0.3,0,0.0
-0.4856121,0.0,0.37,0.16,0.3,0,0.0
-0.4856121,0.0,0.37,0.16,0.3,0,0.0
-0.4856121,-0.535408,0.37,0.16,0.0,0,0.0
-0.42438412,-0.535408,-0.13,-0.16,0.0,0,0.0
-0.47234213,-0.535408,0.41,0.24,0.0,0,-0.3
-0.47234213,-0.535408,0.32,0.16,0.0,0,-0.3
-0.5228062,-0.535408,0.18,0.18,0.0,0,-0.4
-0.20285815,-0.535408,0.18,0.18,0.0,0,-0.3
0.011439264,-0.535408,0.18,0.18,0.0,0,-0.3
0.011439264,0.0,0.18,0.18,-0.13475274725274727,0,-0.3
0.14624479999999998,0.0,0.18,0.18,-0.13475274725274727,0,-0.3
0.011567961000000002,0.0,0.18,0.18,-0.13475274725274727,0,-0.3
0.011567961000000002,0.0,0.4,0.09,-0.13475274725274727,0,0.0
0.08591697,0.0,0.2,0.02,-0.13475274725274727,0,-0.3
0.12889005,0.0,0.4,-0.03,-0.13475274725274727,0,-0.3
0.126592,0.0,0.15,0.08,-0.13475274725274727,0,-0.3
0.06371809,0.0,-0.15,-0.04,-0.13475274725274727,0,-0.3
0.23070335,0.0,-0.15,-0.04,-0.13475274725274727,0,-0.3
-0.0027969256,0.0,-0.15,-0.04,-0.13475274725274727,0,-0.2
-0.0027969256,0.0,0.36,0.06,-0.13475274725274727,0,-0.2
-0.15541653,0.0,0.36,0.06,-0.13475274725274727,0,-0.2
0.028760208,0.0,0.36,0.06,-0.13475274725274727,0,-0.3
0.028760208,0.506721,0.36,0.06,-0.13475274725274727,0,-0.4
0.17604384,0.506721,0.36,0.06,-0.13475274725274727,0,0.0
-0.3014604,0.506721,0.36,0.06,-0.13475274725274727,0,-0.5
-0.3014604,0.506721,0.08,-0.08,-0.13475274725274727,0,-0.5
-0.41443688,0.506721,0.08,-0.08,-0.13475274725274727,0,-0.5
0.14132223,0.506721,0.08,-0.08,-0.13475274725274727,0,-0.5
0.14132223,0.506721,0.22,0.19,-0.13475274725274727,0,-0.4
0.14132223,0.506721,0.32,0.18,-0.13475274725274727,0,-0.4
0.28849825,0.506721,0.32,0.18,-0.13475274725274727,0,0.0
0.28849825,0.0,0.32,0.18,0.14999999999999994,0,0.0
0.26661664,0.0,0.32,0.18,0.14999999999999994,0,0.0
0.15571685,0.0,0.32,0.18,0.14999999999999994,0,0.0
0.15571685,0.0,-0.12,0.02,0.14999999999999994,0,-0.05
0.55918217,0.0,-0.12,0.02,0.14999999999999994,0,-0.2
0.55918217,0.0,0.05,0.08,0.14999999999999994,0,-0.3
0.3755622,0.0,0.05,0.08,0.14999999999999994,0,-0.3
0.3755622,0.0,0.05,0.08,0.14999999999999994,0,-0.3
0.3755622,0.0,0.38,0.27,0.14999999999999994,0,-0.3
0.60212946,0.0,0.38,0.27,0.14999999999999994,0,-0.4
0.46517754,0.0,0.38,0.27,0.14999999999999994,0,-0.4
0.46517754,0.0,-0.13,-0.23,0.14999999999999994,0,-0.4
0.2513074,0.0,-0.13,-0.23,0.14999999999999994,0,-0.4
0.2513074,0.0,0.41,0.14,0.14999999999999994,0,-0.4
0.31896794,0.0,0.52,0.08,0.14999999999999994,0,-0.3
0.11760309,0.0,0.52,0.08,0.14999999999999994,0,-0.2
0.4629114,0.0,0.52,0.08,0.14999999999999994,0,-0.1
0.4629114,0.0,0.42,0.22,0.14999999999999994,0,0.0
-0.08305153,0.0,0.42,0.22,0.14999999999999994,0,0.0
0.21672493,0.0,0.42,0.22,0.14999999999999994,0,0.0
-0.015338019,0.0,0.42,0.22,0.14999999999999994,0,0.0
0.068984255,0.0,0.37,0.13,0.14999999999999994,0,0.0
-0.05174616,0.0,0.37,0.13,0.14999999999999994,0,0.0
0.1853187,0.0,0.37,0.13,0.14999999999999994,0,0.0
-0.12925617,0.0,0.37,0.13,0.14999999999999994,0,0.0
0.0652327,0.0,0.37,0.13,0.14999999999999994,0,-0.2
0.0652327,0.0,0.21,0.11,0.14999999999999994,0,-0.2
-0.2729463,0.0,0.21,0.11,0.14999999999999994,0,-0.2
-0.2729463,0.0,0.21,0.11,0.0,0,-0.2
-0.17104737,0.0,0.21,0.11,0.0,0,-0.2
-0.17104737,0.0,0.21,0.11,0.009615384615384607,0,0.0
-0.08123578,0.0,0.14,0.0,0.009615384615384607,0,0.0
0.10029827,0.0,0.14,0.0,0.009615384615384607,0,0.0
0.10029827,0.624775,0.14,0.0,0.009615384615384607,0,-0.2
0.42827582,0.624775,0.14,0.0,0.009615384615384607,0,-0.3
-0.5185234999999999,0.624775,0.14,0.0,0.009615384615384607,0,-0.4
-0.5185234999999999,0.624775,-0.08,0.36,0.009615384615384607,0,-0.4
-0.5185234999999999,0.624775,-0.08,0.36,0.009615384615384607,0,-0.5
0.63694006,0.624775,-0.08,0.36,0.009615384615384607,0,-0.5
0.54839635,0.0,-0.08,0.36,0.009615384615384607,0,-0.5
0.61467963,0.0,-0.08,0.36,0.009615384615384607,0,-0.5
0.56880486,0.0,-0.18,-0.21,0.009615384615384607,0,-0.4
0.6289636,0.0,0.32,0.15,0.009615384615384607,0,-0.1
0.60580516,0.0,0.16,-0.09,0.009615384615384607,0,-0.1
0.44269624,0.0,0.16,-0.09,0.009615384615384607,0,-0.2
-0.29290320000000003,0.0,0.16,-0.09,0.009615384615384607,0,-0.3
-0.38936973,0.0,0.16,-0.09,0.275,0,-0.5
-0.3772763,0.0,0.27,0.12,0.275,0,-0.5
-0.3772763,0.0,0.27,0.12,0.275,0,-0.6
-0.01726143,0.0,0.27,0.12,0.275,0,-0.6
0.3156022,0.0,0.27,0.12,0.275,0,-0.7
-0.2293295,0.0,0.27,0.12,0.275,0,-0.7
-0.2293295,0.0,0.46,0.34,0.275,0,-0.6
-0.2293295,0.0,0.46,0.34,0.275,0,0.0
0.053890433,0.0,0.46,0.34,0.275,0,-0.6
0.09474356,0.0,0.03,-0.13,0.275,0,-0.4
-0.10382119,0.0,0.03,-0.13,0.275,0,0.0
0.31480446,0.0,0.03,-0.13,0.275,0,-0.3
0.48377842,0.0,0.34,0.14,0.275,0,-0.2
0.5256735,0.0,0.4,0.37,0.275,0,-0.2
0.51238453,0.0,0.4,0.13,0.275,0,0.0
0.51238453,0.0,-0.02,0.53,0.275,0,0.0
0.46426135,0.0,0.28,0.07,0.275,0,-0.2
0.44552794,0.0,0.56,0.2,0.275,0,0.0
0.33228117,0.0,0.56,0.2,0.275,0,-0.2
0.33228117,-0.644528,0.56,0.2,-0.4,0,-0.2
0.18993132,-0.644528,0.56,0.2,-0.4,0,-0.2
0.18993132,-0.644528,-0.08,0.21,-0.4,0,0.0
0.18993132,-0.644528,-0.08,0.21,-0.4,0,-0.2
0.18993132,0.0,-0.08,0.21,-0.4,0,-0.3
0.38798213,0.0,-0.08,0.21,-0.4,0,-0.3
0.48523793,0.0,-0.08,0.21,-0.4,0,-0.4
0.47215417,0.0,0.23,0.08,-0.4,0,-0.3
0.49054796,0.0,0.46,0.08,-0.4,0,-0.2
0.44258434,0.0,0.46,0.44,-0.4,0,-0.2
0.22750662,0.0,0.46,0.44,-0.4,0,0.0
0.22750662,-0.760115,0.46,0.44,-0.3833333333333333,0,0.0
0.22750662,-0.760115,0.28,0.23,-0.3833333333333333,0,-0.2
0.13096972,-0.760115,0.04,-0.28,-0.3833333333333333,0,-0.6
-0.0072584003,-0.760115,0.04,-0.28,-0.3833333333333333,0,-0.6
-0.0072584003,-0.760115,-0.22,-0.35,-0.3833333333333333,0,-0.6
-0.009521134,-0.760115,0.21,0.09,-0.3833333333333333,0,-0.4
-0.2727665,-0.760115,0.21,0.09,-0.3833333333333333,0,0.0
-0.2727665,-0.760115,0.35,0.19,-0.3833333333333333,0,-0.4
-0.10519211,-0.760115,0.35,0.19,-0.3833333333333333,0,-0.2
-0.5668684,-0.760115,0.35,0.19,-0.3833333333333333,0,0.0
-0.5668684,-0.760115,0.12,0.13,-0.3833333333333333,0,0.0
-0.16999736,-0.760115,0.12,0.13,-0.3833333333333333,0,0.0
0.18547684,-0.760115,0.12,0.13,-0.3833333333333333,0,0.0
0.500038,-0.760115,0.12,0.13,-0.3833333333333333,0,0.3
0.3646756,-0.760115,0.39,0.31,-0.3833333333333333,0,0.4
0.108308956,-0.760115,0.39,0.31,-0.3833333333333333,0,0.4
0.4953393,-0.760115,0.39,0.31,-0.3833333333333333,0,0.4
0.4953393,-0.760115,0.39,0.31,-0.3833333333333333,0,0.15000000000000002
0.5222044,-0.760115,0.33,0.23,-0.3833333333333333,0,0.0
0.585433,-0.760115,0.33,0.23,-0.3833333333333333,0,0.0
0.5132424,-0.760115,0.43,0.13,-0.3833333333333333,0,0.0
0.50186145,-0.760115,0.51,0.21,-0.3833333333333333,0,0.0
-0.23126888,-0.760115,0.51,0.21,-0.3833333333333333,0,0.0
-0.39262787,-0.760115,0.51,0.21,-0.3833333333333333,0,0.0
0.27704307,-0.760115,0.51,0.21,-0.3833333333333333,0,0.0
0.27704307,-0.760115,0.41,0.12,-0.3833333333333333,0,0.0
-0.16283312,-0.760115,0.41,0.12,-0.3833333333333333,0,0.0
-0.16283312,0.0,0.41,0.12,0.2,0,0.0
-0.06595674,0.0,0.27,0.11,0.2,0,0.0
-0.073686615,0.0,0.41,0.22,0.2,0,0.5
-0.35926756,0.0,0.41,0.22,0.2,0,0.4
-0.3141035,0.0,0.41,0.22,0.2,0,0.2
0.52341473,0.0,0.41,0.22,0.2,0,0.0
0.52341473,0.0,0.53,0.26,0.2,0,0.0
0.35104665,0.0,0.53,0.26,0.2,0,0.0
0.35104665,0.0,0.53,0.26,0.2,0,0.0
0.46536395,0.0,0.53,0.26,0.2,0,0.0
-0.460945,0.0,0.53,0.26,0.2,0,0.0
-0.460945,0.0,0.53,0.26,0.0,0,0.0
0.5281309000000001,0.0,0.53,0.26,0.0,0,0.2
0.5083194000000001,0.0,0.27,0.01,0.0,0,0.0
0.3486233,0.0,0.27,0.01,0.0,0,0.0
0.3486233,-0.647849,0.27,0.01,0.0,0,0.0
0.38162428,0.0,0.27,0.01,-0.25,0,0.0
0.38162428,0.0,0.27,0.01,-0.25,0,0.0
0.5067067,0.0,0.27,0.01,-0.25,0,0.0
0.3264828,0.0,0.27,0.01,-0.25,0,-0.2
0.3264828,0.0,0.27,0.01,-0.25,0,-0.2
-0.2481027,0.0,0.27,0.01,-0.25,0,-0.2
-0.2481027,0.0,0.37,0.2,-0.25,0,-0.2
0.21150284,0.0,0.37,0.2,-0.25,0,0.0
0.31538594,0.0,0.37,0.2,-0.25,0,0.0
0.31538594,0.0,0.37,0.2,-0.25,0,0.0
0.5525145,0.0,0.37,0.2,-0.25,0,0.2
0.5550684,0.0,0.32,0.06,-0.25,0,0.6
0.5842407,0.595529,0.32,0.06,0.0,0,0.6
0.41983694,0.595529,0.32,0.06,0.0,0,0.4
0.41983694,0.595529,0.32,0.06,0.0,0,0.3
0.4944987,0.0,0.32,0.06,0.5,0,0.3
0.4944987,0.0,0.32,0.06,0.5,0,0.0
0.38780624,0.0,0.32,0.06,0.5,0,0.2
0.38780624,0.0,0.32,0.06,0.0,0,0.2
0.48475417,0.0,0.32,0.06,0.0,0,0.5
0.55181813,0.0,0.41,0.19,0.0,0,0.5
0.35207883,0.0,0,0,0.0,0,0.0
0.1525006,0.0,0,0,0.0,0,0.0
0.28807807,0.0,0,0,0.0,0,0.45
-0.09770247,0,0,0,0,0,0.7
