0.4436738,-0.916667,-0.18,-0.18,0.0,0,0.2
0.54640377,-0.916667,-0.18,-0.18,0.0,0,0.2
0.54640377,-0.916667,0.21,0.17,0.0,0,0.0
0.54640377,-0.6389199999999999,0.21,0.17,-0.1,0,0.0
0.578404,-0.6389199999999999,0.17,0.23,-0.1,0,-0.3
0.5909258000000001,0.0,0.17,0.23,0.3481481481481481,0,-0.2
0.39264643,0.0,0.17,0.23,0.3481481481481481,0,0.0
0.39264643,0.0,0.17,0.23,0.3481481481481481,0,-0.2
0.574869,0.0,0.17,0.23,0.3481481481481481,0,-0.2
0.5202720000000001,0.0,0.17,0.23,0.3481481481481481,0,-0.3
-0.04932698,0.0,0.17,0.23,0.3481481481481481,0,-0.3
-0.04932698,0.0,-0.04,0.07,0.3481481481481481,0,0.0
0.23871814,0.0,-0.04,0.07,0.3481481481481481,0,0.0
0.098352015,0.0,-0.04,0.07,0.3481481481481481,0,0.0
0.43166044,0.0,-0.04,0.07,0.3481481481481481,0,0.2
0.34467936,0.0,-0.0,-0.02,0.3481481481481481,0,0.0
0.37248194,0.0,0.15,0.1,0.3481481481481481,0,-0.2
0.18844016,0.0,0.15,0.1,0.3481481481481481,0,-0.1
0.18844016,0.0,-0.1,-0.19,0.3481481481481481,0,0.0
0.50534534,0.0,-0.1,-0.19,0.3481481481481481,0,-0.2
0.23681903,0.0,-0.1,-0.19,0.3481481481481481,0,-0.3
0.45517546,0.0,-0.1,-0.19,0.3481481481481481,0,-0.3
0.5016738000000001,0.0,0.18,0.24,0.3481481481481481,0,-0.3
0.5016738000000001,0.0,0.13,0.12,0.3481481481481481,0,-0.3
0.27107674,0.0,0.13,0.12,0.3481481481481481,0,-0.3
0.50128424,0.0,0.13,0.12,0.3481481481481481,0,-0.3
0.50128424,0.0,0.13,0.12,0.19,0,-0.3
0.40033123,0.0,0.13,0.12,0.19,0,-0.3
0.40033123,0.0,0.16,0.25,0.19,0,-0.3
0.24562117,0.0,0.16,0.25,0.19,0,-0.3
0.44307563,0.0,0.16,0.25,0.19,0,-0.3
0.23306751,0.0,0.16,0.25,0.19,0,-0.3
0.23306751,0.0,0.23,0.2,0.19,0,-0.3
0.33759207,0.0,0.23,0.2,0.19,0,-0.3
0.59878844,0.0,0.23,0.2,0.19,0,-0.3
0.47149396,0.0,0.23,0.2,0.19,0,-0.3
0.32566923,0.0,0.23,0.2,0.19,0,0.5
0.3220486,0.0,0.18,0.32,0.19,0,0.3
0.103952214,0.0,0.18,0.32,0.19,0,-0.2
0.26913288,0.0,0.18,0.32,0.19,0,-0.6
0.26913288,0.0,0.18,0.32,0.0,0,-0.4
0.12673439,0.0,0.18,0.32,0.0,0,-0.4
0.20166533,0.6421600000000001,0.18,0.32,0.325,0,-0.3
0.12397285,0.6421600000000001,0.05,0.11,0.325,0,-0.3
0.29418236,0.6421600000000001,0.05,0.11,0.325,0,0.0
0.35542792,0.6421600000000001,0.05,0.11,0.325,0,0.2
0.59161097,0.6421600000000001,0.05,0.11,0.325,0,0.2
0.5983474,0.6421600000000001,0.05,0.11,0.325,0,-0.4
0.55371094,0.6421600000000001,0.05,0.11,0.325,0,-0.2
0.55371094,0.6421600000000001,0.07,0.56,0.325,0,0.0
0.39159566,0.6421600000000001,0.07,0.56,0.325,0,0.0
0.36447978,0.6421600000000001,0.07,0.56,0.325,0,0.2
0.18105239,0.6421600000000001,0.07,0.56,0.325,0,-0.2
0.31022933,0.6421600000000001,0.07,0.56,0.325,0,-0.2
0.31022933,0.6421600000000001,-0.19,0.23,0.325,0,-0.3
0.48612908,0.6421600000000001,-0.19,0.23,0.325,0,-0.3
0.7003786,0.6421600000000001,-0.19,0.23,0.325,0,-0.3
0.62062985,0.6421600000000001,-0.19,0.23,0.325,0,-0.2
0.60869163,0.6421600000000001,0.13,0.19,0.325,0,0.1
0.5345222,0.6421600000000001,0.07,0.09,0.325,0,0.3
0.48736742,0.6421600000000001,0.07,0.09,0.325,0,0.3
0.37003112,0.6421600000000001,0.07,0.09,0.325,0,0.3
0.5288718000000001,0.6421600000000001,0.07,0.09,0.325,0,0.0
0.34627756,0.6421600000000001,0.07,0.09,0.325,0,0.0
0.3860639,0.6421600000000001,0.19,0.22,0.325,0,0.2
0.29493618,0.6421600000000001,0.28,0.25,0.325,0,0.2
0.44836777,0.6421600000000001,0.28,0.25,0.325,0,0.1
0.39972937,0.6421600000000001,0.29,0.33,0.325,0,0.2
0.54563415,0.6421600000000001,0.29,0.33,0.325,0,-0.3
0.5881984,-0.504641,0.29,0.33,0.125,0,-0.2
0.69303274,-0.504641,0.29,0.33,0.125,0,-0.2
0.56212276,-0.504641,0.29,0.33,0.125,0,-0.2
0.28067082,-0.504641,0.29,0.33,0.125,0,-0.2
0.28067082,-0.654343,0.29,0.33,-0.22499999999999992,0,-0.2
0.28067082,0.69416,0.29,0.33,0.09333333333333332,0,-0.2
0.43302312,0.69416,0.29,0.33,0.09333333333333332,0,-0.2
0.43302312,0.69416,0.23,0.51,0.09333333333333332,0,-0.3
0.25783315,0.69416,0.23,0.51,0.09333333333333332,0,-0.3
0.50185823,0.69416,0.23,0.51,0.09333333333333332,0,-0.4
-0.014362119,0.69416,0.23,0.51,0.09333333333333332,0,-0.4
-0.12624855,0.69416,0.23,0.51,0.09333333333333332,0,-0.4
-0.12624855,0.69416,0.05,0.16,0.09333333333333332,0,-0.3
0.22940885,0.69416,0.05,0.16,0.09333333333333332,0,-0.3
0.22940885,0.69416,0.05,0.16,0.09333333333333332,0,-0.3
0.22940885,0.0,0.05,0.16,0.0,0,-0.3
0.5171511999999999,0.0,0.05,0.16,0.0,0,0.0
0.6311611,0.0,0.05,0.16,0.0,0,-0.3
0.50012696,0.0,0.05,0.16,0.0,0,-0.3
0.632733,0.0,0.05,0.16,0.0,0,-0.3
0.58546174,0.571918,0.05,0.16,0.024999999999999998,0,-0.2
0.36637247,0.571918,0.05,0.16,0.024999999999999998,0,-0.2
0.36637247,0.571918,0.05,0.16,0.024999999999999998,0,-0.2
0.21938941,0.571918,0.05,0.16,0.024999999999999998,0,-0.2
0.5387719,0.571918,0.05,0.16,0.024999999999999998,0,-0.2
0.5387719,0.571918,0.33,0.37,0.024999999999999998,0,-0.2
0.36159253,0.571918,0.33,0.37,0.024999999999999998,0,-0.2
0.4109946,0.571918,0.27,0.37,0.024999999999999998,0,0.0
0.4109946,-0.6091270000000001,0.27,0.37,0.04999999999999999,0,0.0
-0.020864382,-0.6091270000000001,0.27,0.37,0.04999999999999999,0,-0.1
-0.22084355,-0.6091270000000001,0.27,0.37,0.04999999999999999,0,-0.2
0.041590307,-0.6091270000000001,0.27,0.37,0.04999999999999999,0,-0.3
0.21513309,-0.6091270000000001,0.27,0.37,0.04999999999999999,0,-0.3
0.37953708,-0.6091270000000001,0.27,0.37,0.04999999999999999,0,-0.4
0.37953708,-0.752228,0.27,0.37,0.0,0,-0.5
0.27221948,-0.752228,0.27,0.37,0.0,0,-0.6
0.2026959,-0.752228,0.14,0.14,0.0,0,-0.7
0.02473398,-0.752228,0.14,0.14,0.0,0,-0.8
0.021239989,0.0,0.14,0.14,-0.175,0,-0.8
0.43139133,0.0,0.14,0.14,-0.175,0,-0.5
0.43998662,0.0,0.14,0.14,-0.175,0,-0.5
0.48454574,0.0,0.14,0.14,-0.175,0,-0.5
0.34368291,0.0,0.14,0.14,-0.175,0,-0.5
0.44315606,0.0,0.16,0.28,-0.175,0,-0.6
0.3826922,0.0,0.16,0.28,-0.175,0,-0.6
0.42224646,0.0,0.16,0.28,-0.15,0,-0.4
0.47901672,0.0,0.16,0.28,-0.15,0,-0.3
0.47901672,0.0,0.34,0.36,-0.15,0,-0.3
0.312829,0.0,0.34,0.36,-0.15,0,-0.3
0.36951616,0.0,0.34,0.36,0.0,0,-0.3
0.161204,0.0,0.34,0.36,0.0,0,0.0
0.42977482,0.0,0.34,0.36,0.0,0,-0.3
0.42977482,0.664038,0.34,0.36,0.26666666666666666,0,-0.4
0.30979204,0.664038,0.34,0.36,0.26666666666666666,0,-0.6
0.18678129,0.664038,0.34,0.36,0.26666666666666666,0,-0.5
0.18678129,0.664038,0.14,0.18,0.26666666666666666,0,-0.3
0.36120397,0.664038,0.14,0.18,0.26666666666666666,0,-0.2
0.26504803,0.0,0.14,0.18,0.0,0,-0.2
0.38621768,0.0,0.14,0.18,0.0,0,0.0
0.38621768,0.0,0.14,0.18,0.0,0,-0.2
0.2555848,0.0,0.14,0.18,0.0,0,-0.2
0.46927273,0.0,0.14,0.18,0.0,0,-0.2
0.5708899000000001,0.0,0.14,0.18,0.0,0,-0.2
0.5708899000000001,0.0,0.14,0.18,0.0,0,-0.1
0.28569803,0.0,0.14,0.18,0.0,0,-0.1
0.501606,0.0,0.14,0.18,0.0,0,-0.1
0.501606,0.0,0.32,0.25,0.0,0,0.0
0.35773873,0.0,0.32,0.25,0.0,0,0.0
0.34415490000000004,0.0,0.29,0.22,0.0,0,0.0
0.45297888,0.0,0.29,0.22,0.0,0,0.2
0.35826826,-0.755885,0.29,0.22,0.13662337662337662,0,0.4
0.50699854,-0.755885,0.29,0.22,0.13662337662337662,0,0.0
0.39726338,-0.755885,0.29,0.22,0.13662337662337662,0,0.1
0.5306715999999999,-0.755885,0.29,0.22,0.13662337662337662,0,0.2
0.3952869,-0.755885,0.29,0.22,0.13662337662337662,0,0.2
0.44146156,-0.755885,0.26,0.28,0.13662337662337662,0,0.2
0.25234815,-0.755885,0.26,0.28,0.13662337662337662,0,0.2
0.23123857,-0.755885,0.21,0.22,0.13662337662337662,0,0.4
0.3794542,-0.755885,0.21,0.22,0.13662337662337662,0,0.3
0.24745226,-0.755885,0.21,0.22,0.13662337662337662,0,0.4
0.111001715,-0.755885,0.21,0.22,0.13662337662337662,0,0.4
0.111001715,-0.755885,0.17,0.21,0.13662337662337662,0,0.2
0.111001715,-1.0,0.17,0.21,0.0,0,0.2
0.14807048,-1.0,0.17,0.21,0.0,0,0.3
0.19631988,-1.0,0.11,0.28,0.0,0,0.3
0.56411636,-1.0,0.11,0.28,0.0,0,0.3
0.51304054,-1.0,0.11,0.28,0.0,0,0.3
0.4083081,-1.0,0.11,0.28,0.0,0,0.4
0.4083081,-1.0,0.23,0.28,0.0,0,0.3
0.4083081,0.595551,0.23,0.28,0.0,0,0.3
0.5421274,0.595551,0.23,0.28,0.0,0,0.2
0.5421274,0.560305,0.23,0.28,0.0,0,0.2
0.5421274,0.560305,0.23,0.28,0.0,0,0.2
0.60220367,0.560305,0.23,0.28,0.0,0,0.3
0.6462638,0.560305,0.31,0.21,0.0,0,0.3
0.44935837,0.560305,0.31,0.21,0.0,0,0.4
0.44935837,0.0,0.31,0.21,0.0,0,0.3
0.30622223,0.0,0.31,0.21,0.0,0,0.4
0.35484790000000005,0.502683,0.31,0.21,0.0,0,0.4
0.35484790000000005,0.502683,0.18,0.44,0.0,0,0.2
0.5562528,0.502683,0.18,0.44,0.0,0,0.6
0.44919452,0.502683,0.18,0.44,0.0,0,0.6
0.42885864,0.502683,0.33,0.28,0.0,0,0.7
0.4665754,0.502683,0.33,0.28,0.0,0,0.8
0.66376424,0.502683,0.33,0.28,0.0,0,0.2
0.62648547,0.502683,0.33,0.28,0.0,0,0.4
0.62648547,0.502683,0.33,0.28,0.0,0,0.3
0.56407577,0.502683,0.31,0.29,0.0,0,0.4
0.6130014,0.502683,0.31,0.29,0.0,0,0.5
0.6130014,0.502683,0.31,0.29,0.0,0,0.5
0.5639029999999999,0.502683,0.31,0.29,0.0,0,0.5
0.4935192,0.662022,0.31,0.29,0.8,0,0.6
0.5096109999999999,0.662022,0.1,0.06,0.8,0,0.6
0.6003808,0.0,0.1,0.06,0.6,0,0.6
0.6003808,0.0,0.1,0.06,0.6,0,0.0
0.58109325,0.0,-0.0,-0.07,0.6,0,0.4
0.5838504,0.0,-0.0,-0.07,0.6,0,0.3
0.33191434,0.543894,-0.06,-0.11,0.0,0,0.2
0.33191434,0.543894,-0.05,0.1,0.0,0,0.3
0.5507029,0.543894,-0.05,0.1,0.0,0,0.3
0.5507029,0.0,-0.05,0.1,-0.10833333333333334,0,0.5
0.47758475,0.0,0.07,0.09,-0.10833333333333334,0,0.5
0.16071418,0.0,0.07,0.09,-0.10833333333333334,0,0.2
0.2888539,0.0,0.07,0.09,-0.10833333333333334,0,0.2
0.32219040000000004,0.0,-0.0,0.01,-0.10833333333333334,0,0.3
0.63185126,0.0,-0.0,0.01,-0.10833333333333334,0,0.3
0.14909992,0.0,-0.0,0.01,-0.10833333333333334,0,0.3
0.5433996999999999,0.0,-0.0,0.01,-0.10833333333333334,0,0.3
0.5433996999999999,0.0,-0.0,0.01,-0.15,0,0.3
0.6059349,0.0,0.06,0.04,-0.15,0,0.3
0.53953683,0.0,0.06,0.04,-0.15,0,0.3
0.53953683,0.0,0.13,-0.06,-0.15,0,0.0
0.6340213,-0.602197,0.13,-0.06,0.35,0,0.3
0.47243857,-0.602197,0.13,-0.06,0.35,0,0.3
0.47243857,-0.602197,0.13,-0.06,0.35,0,0.3
0.65630245,-0.602197,0.13,-0.06,0.35,0,0.3
0.5880806,-0.602197,0.17,-0.02,0.35,0,0.3
0.62269884,0.0,0.17,-0.02,-0.05,0,0.3
0.40313545,0.0,0.17,-0.02,-0.05,0,0.3
0.38467175,0.0,0.14,0.01,-0.05,0,0.2
0.5779029,0.0,0.14,0.01,-0.05,0,0.2
0.44226688,0.0,0.14,0.01,-0.05,0,0.2
0.42633075,0.0,0.14,0.01,-0.11666666666666665,0,0.3
0.4868189000000001,0.0,0.13,-0.17,-0.11666666666666665,0,0.3
0.27923536,0.0,0.13,-0.17,-0.11666666666666665,0,0.3
0.16473499,0.0,0.13,-0.17,-0.11666666666666665,0,0.0
0.16473499,0.0,0.13,-0.17,0.4,0,0.0
0.043435637,0.0,0.13,-0.17,0.4,0,-0.1
0.043435637,0.588942,0.13,-0.17,0.7,0,-0.2
0.15716374,0.588942,0.13,-0.17,0.7,0,0.0
0.15716374,0.588942,0.11,0.03,0.7,0,-0.2
0.15890965,-0.568066,0.11,0.03,-0.15,0,-0.2
0.15890965,-0.568066,0.04,0.21,-0.15,0,-0.3
0.26749903,-0.568066,0.04,0.21,-0.15,0,-0.4
0.59305346,-0.568066,0.04,0.21,-0.15,0,-0.3
0.59305346,-0.568066,0.16,0.0,-0.15,0,0.0
0.32770175,-0.568066,0.0,-0.03,-0.15,0,-0.3
0.17340589,-0.568066,0.0,-0.03,-0.15,0,-0.4
-0.007194675500000002,-0.568066,0.0,-0.03,-0.15,0,-0.3
-0.007194675500000002,-0.581287,0.0,-0.03,0.1453125,0,-0.4
0.29854876,-0.581287,0.0,-0.03,0.1453125,0,-0.3
0.26767528,-0.581287,0.09,-0.07,0.1453125,0,-0.3
0.39441064,-0.581287,0.09,-0.07,0.1453125,0,0.0
0.28659087,-0.581287,0.13,0.09,0.1453125,0,0.0
0.32272643,-0.581287,0.14,-0.02,0.1453125,0,-1.0
0.18611017,-0.581287,0.14,-0.02,0.1453125,0,-0.5
0.16551057,-0.581287,-0.01,-0.07,0.1453125,0,-0.4
0.05639035,-0.581287,-0.01,-0.07,0.1453125,0,-0.5
0.05639035,-0.6173069999999999,-0.01,-0.07,0.1453125,0,-0.5
-0.09507373,-0.6173069999999999,-0.01,-0.07,0.1453125,0,-0.5
0.23223567,-0.6173069999999999,-0.01,-0.07,0.1453125,0,-0.4
0.129639,-0.6173069999999999,-0.01,-0.07,0.1453125,0,-0.3
0.01774627,-0.6173069999999999,0.2,0.14,0.1453125,0,-0.4
0.01774627,-0.6173069999999999,0.0,0.05,0.1453125,0,-0.4
-0.13026485,-0.6173069999999999,0.0,0.05,0.1453125,0,-0.4
-0.020917423,-0.6173069999999999,0.0,0.05,0.1453125,0,-0.4
0.08618298,-0.6173069999999999,0.0,0.05,0.1453125,0,-0.5
0.41316423,-0.6173069999999999,0.0,0.05,0.1453125,0,-0.4
0.41316423,-0.6173069999999999,0.16,-0.05,0.1453125,0,-0.4
0.5484134,-0.6173069999999999,0.16,-0.05,0.1453125,0,-0.4
0.5484134,-0.6173069999999999,0.03,-0.04,0.1453125,0,-0.4
0.48869753,-0.6173069999999999,0.18,0.05,0.1453125,0,-0.4
0.43037215,-0.6173069999999999,0.01,-0.01,0.1453125,0,-0.4
0.058984652,-0.6173069999999999,0.01,-0.01,0.1453125,0,-0.4
0.21246316,-0.6173069999999999,0.01,-0.01,0.1453125,0,-0.4
0.2269058,0.0,0.01,-0.01,-0.3076923076923077,0,-0.4
0.2269058,0.0,0.19,0.08,-0.3076923076923077,0,-0.4
0.4741828,0.0,0.19,0.08,-0.3076923076923077,0,-0.4
0.4741828,-0.736146,0.19,0.08,0.0,0,-0.4
0.28515226,-0.736146,0.19,0.08,0.0,0,0.0
0.28515226,-0.736146,0.11,0.04,0.0,0,-0.4
0.49256277,-0.736146,0.11,0.04,0.0,0,-0.5
0.24662739,-0.736146,0.11,0.04,0.0,0,-0.5
0.24662739,0.0,0.11,0.04,-0.1555555555555556,0,-0.4
0.3521727,0.0,0.11,0.04,-0.1555555555555556,0,-0.4
0.3521727,-1.0,0.11,0.04,-0.8,0,-0.5
0.5190581,-1.0,0.11,0.04,-0.8,0,0.0
0.5071726,-0.560212,0.11,0.04,-0.325,0,-0.5
0.45173827,-0.560212,-0.0,-0.2,-0.325,0,-0.4
0.5608729,-0.560212,-0.0,-0.2,-0.325,0,-0.4
0.5608729,-0.560212,0.17,0.18,-0.325,0,-0.3
0.406695,-0.560212,0.17,0.18,-0.325,0,-0.3
0.406695,-0.560212,0.1,0.02,-0.325,0,-0.3
0.5275574000000001,-0.560212,0.1,0.02,-0.325,0,-0.4
0.5275574000000001,-0.560212,0.15,0.17,-0.325,0,-0.4
0.5578388000000001,-0.560212,0.07,-0.04,-0.325,0,-0.3
0.4538978,-0.560212,0.07,-0.04,-0.325,0,-0.4
0.5918135999999999,-0.560212,0.07,-0.04,-0.325,0,-0.4
0.5918135999999999,-0.7843829999999999,0.07,-0.04,-0.8,0,-0.3
0.49543828,-0.7843829999999999,0.12,-0.04,-0.8,0,-0.4
0.47775435,0.0,0.12,-0.04,-1.0,0,-0.4
0.5359527,0.0,0.2,0.15,-1.0,0,-0.4
0.55033207,-0.710079,0.2,0.15,-0.4833333333333333,0,-0.4
0.5472119000000001,-0.710079,0.14,0.23,-0.4833333333333333,0,-0.4
0.35835758,-0.710079,0.14,0.23,-0.4833333333333333,0,-0.5
0.49353832,-0.710079,0.14,0.23,-0.4833333333333333,0,-0.5
0.4068312,-0.710079,0.12,0.02,-0.4833333333333333,0,-0.5
0.5819476,-0.710079,0.12,0.02,-0.4833333333333333,0,-0.4
0.5819476,0.0,0.12,0.02,0.022222222222222213,0,-0.4
0.5819476,0.0,0.13,0.06,0.022222222222222213,0,-0.5
0.5819476,0.0,0.13,0.06,0.022222222222222213,0,0.0
0.46925268,0.0,0.13,0.06,0.022222222222222213,0,-0.5
0.46925268,0.0,0.13,0.06,0.022222222222222213,0,-0.4
0.46925268,0.0,0.1,-0.05,0.022222222222222213,0,-0.4
0.34638724,0.0,0.1,-0.05,0.022222222222222213,0,-0.5
0.23858218,0.0,0.1,-0.05,0.022222222222222213,0,-0.5
0.36639747,0.0,0.1,-0.05,0.022222222222222213,0,-0.5
0.41007838,-0.735334,0.1,-0.05,-0.17438949938949935,0,-0.6
0.28852898,-0.735334,0.03,-0.01,-0.17438949938949935,0,-0.6
0.12283807,-0.735334,0.03,-0.01,-0.17438949938949935,0,-0.6
0.33967963,-0.735334,0.03,-0.01,-0.17438949938949935,0,-0.6
0.07908924,-0.735334,0.03,-0.01,-0.17438949938949935,0,-0.7
0.07908924,-0.735334,0.12,0.13,-0.17438949938949935,0,-0.7
0.12759486,-0.735334,0.17,0.07,-0.17438949938949935,0,-0.7
-0.0706055,-0.735334,0.17,0.07,-0.17438949938949935,0,-0.7
0.06156306,-0.735334,0.17,0.07,-0.17438949938949935,0,-0.7
0.26649147,-0.735334,0.17,0.07,-0.17438949938949935,0,-0.7
0.19535795,-0.735334,0.1,0.01,-0.17438949938949935,0,-0.6
0.29547963,-0.735334,0.1,0.01,-0.17438949938949935,0,-0.7
0.38319516,-0.735334,0.27,0.25,-0.17438949938949935,0,-0.6
0.15824770000000002,-0.735334,0.27,0.25,-0.17438949938949935,0,-0.6
0.39755967,-0.735334,0.27,0.25,-0.17438949938949935,0,-0.6
0.39755967,-0.735334,0.19,0.54,-0.17438949938949935,0,-0.6
0.19093783,-0.735334,0.19,0.54,-0.17438949938949935,0,-0.5
0.33942140000000004,-0.735334,0.19,0.54,-0.17438949938949935,0,-0.6
0.33942140000000004,0.0,0.19,0.54,-0.125,0,-0.5
0.16515176,0.0,0.19,0.54,-0.125,0,-0.5
0.3135992,0.0,0.19,0.54,-0.125,0,-0.5
0.39123058,0.0,0.19,0.54,0.0,0,-0.5
0.37505195,0.0,0.07,0.25,0.0,0,-0.5
0.2550854,0.0,0.07,0.25,0.0,0,-0.5
0.16911991,0.0,-0.11,0.08,0.0,0,-0.5
0.3940697,0.0,-0.11,0.08,0.0,0,-0.4
0.27703452,0.0,-0.11,0.08,0.0,0,-0.5
0.27703452,0.0,0.2,0.16,0.0,0,-0.4
0.37987348,0.0,0.2,0.16,0.0,0,-0.3
0.3850708,0.0,0.08,0.0,0.0,0,-0.5
0.21946877,0.0,0.08,0.0,0.0,0,-0.5
0.21932547,-0.622492,0.08,0.0,-0.325,0,-0.3
0.34211513,-0.622492,0.08,0.0,-0.325,0,-0.3
0.3518133,-0.622492,0.11,0.08,-0.325,0,-0.3
0.017300583,-0.622492,0.11,0.08,-0.325,0,-0.3
0.34256545,-0.622492,0.11,0.08,-0.325,0,-0.4
0.34256545,-0.622492,-0.23,-0.39,-0.325,0,-0.4
0.23122215,-0.622492,-0.23,-0.39,-0.325,0,-0.4
0.07562038,-0.622492,-0.23,-0.39,-0.325,0,-0.4
0.07562038,0.0,-0.23,-0.39,0.0,0,-0.2
0.32985398,0.0,-0.23,-0.39,0.0,0,-0.3
0.32985398,0.0,0.05,0.06,0.0,0,-0.3
0.32985398,0.0,-0.06,-0.23,0.0,0,-0.4
0.08366399,0.0,-0.06,-0.23,0.0,0,-0.4
0.20910323,0.0,-0.06,-0.23,0.0,0,-0.5
0.3870245,0.0,-0.06,-0.23,0.0,0,-0.5
-0.0011232346,0.0,-0.06,-0.23,0.0,0,-0.5
0.11109575,0.0,-0.06,-0.23,0.0,0,-0.5
0.14382559,0.0,-0.06,-0.23,0.3555555555555556,0,-0.5
-0.04828152,0.0,-0.06,-0.23,0.3555555555555556,0,-0.5
0.08181208,0.0,-0.06,-0.23,0.3555555555555556,0,-0.5
0.11249046,0.0,0.09,0.17,0.3555555555555556,0,-0.5
0.15002531,-0.543262,0.09,0.17,-0.015873015873015872,0,-0.5
0.16799977,-0.543262,0.02,-0.09,-0.015873015873015872,0,-0.5
0.05386951,-0.543262,0.02,-0.09,-0.015873015873015872,0,-0.5
0.13432047,-0.543262,0.23,0.05,-0.015873015873015872,0,-0.5
0.10661963,-0.543262,0.06,0.15,-0.015873015873015872,0,-0.5
0.10577506,-0.543262,0.17,0.17,-0.015873015873015872,0,-0.5
0.12301423,-0.543262,0.15,-0.07,-0.015873015873015872,0,-0.6
-0.025976054,-0.543262,0.15,-0.07,-0.015873015873015872,0,-0.6
0.13633218,-0.543262,0.15,-0.07,-0.015873015873015872,0,-0.5
0.0110877305,-0.543262,0.15,-0.07,-0.015873015873015872,0,-0.6
0.21396987,-0.543262,0.15,-0.07,-0.015873015873015872,0,-0.6
-0.05234561,-0.543262,0.15,-0.07,-0.015873015873015872,0,-0.6
-0.05234561,-0.543262,0.02,0.03,-0.015873015873015872,0,-0.4
-0.05234561,-0.785139,0.02,0.03,0.0,0,-0.4
0.058535415999999986,-0.785139,0.02,0.03,0.0,0,0.0
0.058535415999999986,-0.785139,0.1,0.09,0.0,0,-0.5
0.026568515,-0.785139,0.14,0.12,0.0,0,-0.5
0.16730079,-0.785139,0.14,0.12,0.0,0,-0.5
0.23110412,-0.5244,0.14,0.12,-0.02187499999999999,0,-0.5
0.17299907,-0.5244,0.09,0.24,-0.02187499999999999,0,-0.5
0.2810539,-0.5244,0.09,0.24,-0.02187499999999999,0,-0.4
0.59403753,-0.5244,0.09,0.24,-0.02187499999999999,0,-0.1
0.5734948000000001,0.0,0.09,0.24,0.0,0,0.2
0.5899173000000001,0.0,0.25,0.24,0.0,0,0.2
0.487062,0.0,0.25,0.24,0.0,0,0.1
0.37822998,0.0,0.25,0.24,0.0,0,0.2
0.37822998,0.0,0.25,0.24,0.2055555555555556,0,0.3
0.4940594,0.0,0.25,0.24,0.2055555555555556,0,0.3
0.52693415,0.0,0.1,0.1,0.2055555555555556,0,-0.4
0.37283385,0.0,0.1,0.1,0.2055555555555556,0,-0.2
0.5015701,0.0,0.1,0.1,0.2055555555555556,0,-0.2
0.10480979,0.0,0.1,0.1,0.2055555555555556,0,0.0
0.10480979,0.0,0.01,-0.09,0.2055555555555556,0,0.0
0.27514207,0.0,0.01,-0.09,0.2055555555555556,0,-0.2
0.26632673,0.0,0.2,0.2,0.2055555555555556,0,-0.3
0.19855912,0.0,-0.01,-0.01,0.2055555555555556,0,0.0
0.2644641,-0.793313,-0.01,-0.01,0.11333333333333333,0,0.0
0.3899874,-0.793313,-0.01,-0.01,0.11333333333333333,0,-0.3
0.124760315,-0.793313,-0.01,-0.01,0.11333333333333333,0,-0.3
0.4984824000000001,-0.793313,-0.01,-0.01,0.11333333333333333,0,-0.1
0.6102916,-0.793313,-0.01,-0.01,0.11333333333333333,0,-0.4
0.6102916,-0.793313,0.12,0.21,0.11333333333333333,0,-0.4
0.5688257,-0.793313,0.11,0.3,0.11333333333333333,0,-0.4
0.51354694,0.665045,0.11,0.3,0.5,0,-0.5
0.39796892,0.665045,0.11,0.3,0.5,0,-0.6
0.39796892,-0.618236,0.11,0.3,0.0,0,-0.5
0.57334226,-0.618236,0.11,0.3,0.0,0,-0.5
0.57334226,-0.618236,0.07,0.16,0.0,0,-0.5
0.35511473,-0.618236,0.07,0.16,0.0,0,-0.5
0.31535003,-0.618236,-0.1,0.13,0.0,0,-0.4
0.50742227,-0.618236,-0.1,0.13,0.0,0,-0.4
0.56217587,-0.6579109999999999,-0.1,0.13,0.0,0,-0.4
0.53304577,-0.6579109999999999,0.09,0.18,0.0,0,-0.4
0.22479819,-0.6579109999999999,0.09,0.18,0.0,0,-0.4
0.22479819,-0.6579109999999999,0.1,0.13,0.0,0,-0.4
0.53587496,-0.6579109999999999,0.1,0.13,0.0,0,-0.4
0.5923058000000001,-0.6579109999999999,0.18,0.19,0.0,0,-0.4
0.49572936,-0.703767,0.18,0.19,0.2,0,-0.4
0.39096928,-0.703767,0.18,0.19,0.2,0,0.0
0.5268749,-0.703767,0.18,0.19,0.2,0,-0.2
0.40440118,-0.703767,0.18,0.19,0.2,0,-0.2
0.5729983000000001,-0.703767,0.18,0.19,0.2,0,-0.2
0.42705956,-0.703767,0.18,0.19,0.2,0,-0.2
0.45773786,-0.703767,0.13,0.13,0.2,0,-0.3
0.56769353,-0.703767,0.13,0.13,0.2,0,-0.3
0.44985238,-0.703767,0.13,0.13,0.2,0,-0.3
0.5225942,0.0,0.13,0.13,0.0,0,-0.3
0.35722467,0.0,0.13,0.13,0.0,0,-0.3
0.6357308,0.0,0.13,0.13,0.0,0,-0.3
0.481491,0.0,0.13,0.13,0.0,0,-0.4
0.45647144,0.0,0.11,0.11,0.0,0,-0.5
0.5285462,-0.502575,0.11,0.11,0.0,0,-0.4
0.48409998,-0.502575,0.03,0.06,0.0,0,-0.5
0.3568258,-0.502575,0.03,0.06,0.0,0,-0.5
0.3568258,-0.904517,0.03,0.06,-0.4083333333333334,0,-0.5
0.39944118,-0.904517,0.01,-0.08,-0.4083333333333334,0,-0.5
0.3963805,-0.904517,0.17,0.09,-0.4083333333333334,0,-0.5
0.23219824,-0.904517,0.17,0.09,-0.4083333333333334,0,-0.5
0.23219824,-0.904517,-0.07,-0.04,-0.4083333333333334,0,-0.4
0.4182795,-0.904517,-0.07,-0.04,-0.4083333333333334,0,-0.4
0.44423184,-0.904517,0.11,0.09,-0.4083333333333334,0,-0.4
0.44423184,-0.904517,0.13,0.31,-0.4083333333333334,0,-0.3
0.30893093,-0.904517,0.13,0.31,-0.4083333333333334,0,-0.3
0.38636464,0.0,0.13,0.31,0.6,0,-0.3
0.23941478,0.0,0.13,0.31,0.6,0,-0.4
0.23941478,0.0,0.13,0.31,0.4,0,-0.4
0.2928307,0.0,-0.04,-0.13,0.4,0,-0.4
0.36219996,0.0,-0.04,-0.13,0.0,0,-0.4
0.3675947,0.0,0.1,0.05,0.0,0,-0.4
0.31730986,0.0,0.12,0.15,0.0,0,-0.4
-0.009461716,0.0,0.12,0.15,0.0,0,-0.5
-0.009461716,0.0,0.12,0.15,-0.16666666666666666,0,-0.5
0.09395327,0.0,0.12,0.15,-0.16666666666666666,0,-0.4
0.3377493,0.0,0.12,0.15,-0.16666666666666666,0,-0.4
0.12712228,0.0,0.12,0.15,-0.16666666666666666,0,-0.5
0.28093797,0.0,0.12,0.15,-0.16666666666666666,0,-0.4
0.28093797,0.0,0.12,0.15,0.325,0,0.2
0.18378970000000006,0.0,0.17,0.16,0.325,0,0.3
0.20004526,0.0,0.17,0.16,0.325,0,-0.3
0.5722624,0.0,0.17,0.16,0.325,0,-0.3
0.65195256,0.0,0.17,0.16,0.325,0,-0.1
0.551201,0.0,0.17,0.16,0.325,0,-0.2
0.4888708,0.0,0.17,0.16,0.0,0,-0.3
0.4888708,-0.525542,0.17,0.16,0.09285714285714286,0,-0.3
0.5543474,-0.525542,0.15,0.11,0.09285714285714286,0,-0.3
0.37276712,-0.525542,0.15,0.11,0.09285714285714286,0,-0.3
0.39493167,-0.525542,0.05,0.05,0.09285714285714286,0,-0.2
0.24278826,-0.525542,0.05,0.05,0.09285714285714286,0,-0.2
0.39484158,-0.525542,0.05,0.05,0.09285714285714286,0,-0.2
0.2946946,-0.525542,0.05,0.05,0.09285714285714286,0,-0.3
0.44423106,-0.525542,0.05,0.05,0.09285714285714286,0,-0.3
0.41631305,-0.525542,0.13,0.17,0.09285714285714286,0,-0.2
0.3802006,-0.525542,0.18,0.2,0.09285714285714286,0,-0.3
0.48875865,-0.525542,0.18,0.2,0.09285714285714286,0,-0.2
0.54293716,-0.525542,0.18,0.2,0.09285714285714286,0,-0.2
0.5912295999999999,0.0,0.18,0.2,0.09285714285714286,0,-0.2
0.5912295999999999,0.0,0.04,-0.14,0.09285714285714286,0,-0.2
0.6057579000000001,0.0,0.04,-0.14,0.09285714285714286,0,-0.2
0.59051955,-0.731219,0.04,-0.14,-0.7250000000000001,0,-0.2
0.59101,0.0,0.14,0.09,0.0,0,0.2
0.52202547,0.0,0.14,0.09,-0.045,0,0.0
0.53527117,0.0,0.65,0.54,-0.045,0,0.0
0.5903253,0.0,-0.08,-0.03,-0.045,0,0.2
0.56586087,0.0,-0.05,-0.07,-0.045,0,0.2
-0.2646357,0.0,-0.05,-0.07,-0.045,0,0.2
-0.2646357,0.0,-0.05,-0.07,-0.045,0,0.2
0.50109994,0.0,-0.05,-0.07,-0.045,0,0.2
0.50109994,0.0,0.32,0.21,-0.045,0,0.2
0.57028824,0.0,0.25,0.1,-0.045,0,0.3
0.57028824,0.0,0.25,0.1,-0.045,0,0.3
0.4547207,0.0,0.25,0.1,-0.045,0,0.3
0.35410032,0.0,0.25,0.1,-0.045,0,0.3
0.56942433,0.0,0.25,0.1,-0.045,0,0.2
0.49812666,0.0,0.25,0.1,-0.045,0,0.2
0.5431130999999999,0.0,0.09,0.02,-0.045,0,0.3
0.5431130999999999,0.0,0.09,0.02,-0.045,0,0.2
0.491775,0.700196,0.09,0.02,0.3866666666666667,0,0.3
0.37370807,0.700196,0.09,0.02,0.3866666666666667,0,0.3
0.37370807,0.700196,0.27,0.17,0.3866666666666667,0,0.3
0.37370807,0.700196,0.27,0.17,0.3866666666666667,0,0.2
0.33256748,0.700196,0.35,-0.08,0.3866666666666667,0,0.3
0.32879314,0.700196,0.34,0.09,0.3866666666666667,0,0.3
0.47652876,0.700196,0.34,0.09,0.3866666666666667,0,0.3
0.47652876,0.700196,0.09,0.12,0.3866666666666667,0,0.3
0.3393492,0.700196,0.09,0.12,0.3866666666666667,0,0.2
0.13392435,0.700196,0.09,0.12,0.3866666666666667,0,0.2
0.24480732,0.700196,0.09,0.12,0.3866666666666667,0,0.3
0.24480732,0.0,0.09,0.12,0.5,0,0.3
0.21959211,0.0,0.3,0.04,0.5,0,0.3
0.3757178,0.0,0.3,0.04,0.5,0,0.3
0.3757178,0.0,0.28,0.01,0.5,0,0.3
0.3757178,0.0,0.28,0.01,0.5,0,0.0
0.3757178,0.0,0.28,0.01,0.2857142857142857,0,0.3
0.21178435,0.0,0.28,0.01,0.2857142857142857,0,0.0
0.21178435,0.0,0.35,0.23,0.2857142857142857,0,0.3
0.61607647,0.0,0.35,0.23,0.2857142857142857,0,0.3
0.22081837,0.0,0.35,0.23,0.2857142857142857,0,0.3
0.22081837,0.0,0.35,0.23,0.2857142857142857,0,0.2
0.22081837,0.0,0.35,0.23,0.08,0,0.2
0.22081837,0.0,0.36,0.11,0.08,0,0.2
0.4968923,0.0,0.36,0.11,0.08,0,0.0
0.3430014,0.0,0.36,0.11,0.08,0,0.3
0.35068682,0.0,0.36,0.11,0.08,0,0.3
0.56742543,0.0,0.36,0.11,0.08,0,0.3
0.56742543,0.0,0.27,0.07,0.08,0,0.3
0.5650172,0.0,0.27,0.07,0.08,0,0.3
0.45101732,0.0,0.27,0.07,0.08,0,0.3
0.45101732,0.0,0.52,0.21,0.08,0,0.3
0.53584075,0.0,0.43,0.12,0.08,0,0.3
0.45009807,0.0,0.43,0.12,0.0,0,0.3
0.4668883,0.0,0.21,-0.02,0.0,0,0.3
0.49516016,0.0,0.21,-0.02,0.0,0,0.2
0.49728048,0.0,0.41,0.15,0.0,0,0.3
0.53087777,0.0,0.41,0.15,0.0,0,0.3
0.53087777,0.0,0.41,0.1,0.0,0,0.3
0.53087777,0.0,0.41,0.1,0.0,0,0.3
0.3668843,0.0,0.41,0.1,0.0,0,0.3
0.3668843,0.0,0.41,0.1,0.13333333333333333,0,0.3
0.19388035,0.0,0.41,0.1,0.13333333333333333,0,0.3
0.19388035,0.0,0.41,0.1,0.13333333333333333,0,0.3
0.48322183,0.0,0.41,0.1,0.13333333333333333,0,0.3
0.34428024,0.0,0.41,0.1,0.13333333333333333,0,0.3
0.5490094,0.0,0.41,0.1,0.13333333333333333,0,0.4
0.5490094,0.0,0.32,0.03,0.13333333333333333,0,0.3
0.29900570000000004,0.0,0.32,0.03,0.13333333333333333,0,0.3
0.20696294,-0.647175,0.32,0.03,-0.6999999999999998,0,0.3
0.3726409,-0.647175,0.32,0.03,-0.6999999999999998,0,0.3
0.3726409,-0.647175,0.73,0.1,-0.6999999999999998,0,0.3
0.22263686,-0.647175,0.73,0.1,-0.6999999999999998,0,0.3
0.38461548,-0.647175,0.73,0.1,-0.6999999999999998,0,0.3
0.38461548,-0.647175,0.44,0.08,-0.6999999999999998,0,0.3
0.41088533,-0.647175,0.38,0.15,-0.6999999999999998,0,0.3
0.31497073,0.7858970000000001,0.38,0.15,0.4625,0,0.3
0.31497073,0.7858970000000001,0.34,0.24,0.4625,0,0.3
0.4470064,0.7858970000000001,0.34,0.24,0.4625,0,0.3
0.34135944,0.7858970000000001,0.34,0.24,0.4625,0,0.3
0.278086,0.7858970000000001,0.47,0.21,0.4625,0,0.3
0.28420976,0.7858970000000001,0.27,-0.01,0.4625,0,0.4
0.28420976,0.7858970000000001,0.27,-0.01,0.4625,0,0.3
0.2925893,-0.916667,0.27,-0.01,0.5,0,0.3
0.5283707,-0.916667,0.27,-0.01,0.5,0,0.3
0.5283707,-0.916667,0.2,0.04,0.5,0,0.3
0.55500114,0.0,0.2,0.04,0.0,0,0.3
0.563714,0.0,0.35,0.01,0.0,0,0.3
0.010264136,0.0,0.35,0.01,0.0,0,0.4
0.010264136,0.0,0.26,0.05,0.0,0,0.4
0.50818574,0.0,0.26,0.05,0.0,0,0.4
0.50818574,0.0,0.26,0.05,0.0,0,0.4
0.50818574,0.0,0.11,0.1,0.0,0,0.4
0.40797973,0.0,0.11,0.1,0.0,0,0.4
0.456661,0.0,0.22,0.1,0.0,0,0.4
0.56398356,0.0,0.22,0.1,0.0,0,0.4
-0.00033203512,0.0,0.22,0.1,0.0,0,0.4
-0.00033203512,0.0,0.51,0.15,0.0,0,0.4
0.18684228,0.0,0.51,0.15,0.0,0,0.4
0.33219117,0.0,0.51,0.15,0.0,0,0.4
0.41717923,0.0,0.51,0.15,0.2,0,0.4
0.16057688,0.0,0.51,0.15,0.2,0,0.4
0.517491,0.0,0.51,0.15,0.2,0,0.4
0.517491,0.0,0.37,0.15,0.2,0,0.4
0.33086082,0.0,0.37,0.15,0.2,0,0.4
0.33086082,0.0,0.29,0.14,0.2,0,0.4
0.23193112,0.0,0.29,0.14,0.16666666666666666,0,0.4
0.33856666,0.0,0.29,0.14,0.16666666666666666,0,0.4
0.32263985,0.0,0.29,0.14,0.16666666666666666,0,0.4
0.34398213,0.0,0.29,0.14,-0.02444444444444444,0,0.3
0.34398213,0.0,0.34,0.22,-0.02444444444444444,0,0.3
0.30499187,0.0,0.34,0.22,-0.02444444444444444,0,0.4
0.30499187,0.0,0.34,0.22,-0.02444444444444444,0,0.5
0.3799982,0.0,0.21,0.33,-0.02444444444444444,0,0.5
0.4429736,0.0,0.21,0.33,-0.02444444444444444,0,0.5
0.4429736,0.0,0.31,0.1,-0.02444444444444444,0,0.5
0.38953146,0.0,0.3,0.23,-0.02444444444444444,0,0.5
0.4180595,0.0,0.45,0.18,-0.02444444444444444,0,0.4
0.04996065,0.0,0.45,0.18,-0.02444444444444444,0,0.4
0.2379567,0.0,0.45,0.18,-0.02444444444444444,0,0.4
0.34181166,0.0,0.45,0.18,-0.02444444444444444,0,0.5
0.34181166,0.0,0.45,0.18,-0.02444444444444444,0,0.5
0.20507474,0.0,0.45,0.18,-0.02444444444444444,0,0.4
0.20507474,0.0,0.27,0.14,-0.02444444444444444,0,0.4
0.45343956,0.0,0.27,0.14,-0.02444444444444444,0,0.4
0.5167564,0.571001,0.27,0.14,0.06818181818181818,0,0.4
0.47885084,0.571001,0.27,0.14,0.06818181818181818,0,0.4
0.47885084,0.571001,0.27,0.14,0.06818181818181818,0,0.4
0.5566291999999999,0.571001,0.42,0.27,0.06818181818181818,0,0.4
0.5565906,0.571001,0.42,0.27,0.06818181818181818,0,0.4
0.5040113,0.0,0.42,0.27,0.245,0,0.3
0.5040113,0.0,0.41,0.23,0.245,0,0.3
0.4235935000000001,0.0,0.33,0.02,0.245,0,0.3
0.27753428,0.0,0.33,0.02,0.245,0,0.3
0.17706126,0.0,0.33,0.02,0.245,0,0.2
0.17706126,0.0,0.43,0.21,0.245,0,0.2
0.2995836,0.0,0.43,0.21,0.245,0,0.2
0.3760156,0.0,0.42,0.13,0.245,0,0.3
0.41349384,0.0,0.52,-0.01,0.245,0,0.3
0.28977937,0.0,0.52,-0.01,0.245,0,0.2
0.28977937,-0.787741,0.52,-0.01,-0.5999999999999999,0,0.2
0.2911497,-0.787741,0.11,-0.07,-0.5999999999999999,0,0.2
0.4420327,-0.787741,0.11,-0.07,-0.5999999999999999,0,0.2
0.4420327,-0.787741,-0.06,0.01,-0.5999999999999999,0,0.2
0.67761767,-0.787741,-0.06,0.01,-0.5999999999999999,0,0.2
0.67761767,0.577041,-0.06,0.01,0.21212121212121213,0,0.2
0.67729604,0.577041,0.4,0.09,0.21212121212121213,0,0.3
-0.09104395,0.577041,0.4,0.09,0.21212121212121213,0,0.3
-0.09104395,0.577041,0.23,0.08,0.21212121212121213,0,0.3
0.2536396,0.577041,0.23,0.08,0.21212121212121213,0,0.3
0.5330781,0.577041,0.23,0.08,0.21212121212121213,0,0.3
0.5330781,0.577041,1.2,1.94,0.21212121212121213,0,0.0
0.49830624,0.577041,0.47,0.3,0.21212121212121213,0,0.3
0.49830624,0.577041,0.41,0.17,0.21212121212121213,0,0.3
0.56861377,0.577041,0.4,0.28,0.21212121212121213,0,0.3
0.49040273,0.577041,0.35,0.15,0.21212121212121213,0,0.3
0.20032732,0.577041,0.35,0.15,0.21212121212121213,0,0.3
0.37392884,0.577041,0.35,0.15,0.21212121212121213,0,0.3
0.37392884,0.577041,0.22,-0.02,0.21212121212121213,0,0.4
0.35952652,0.577041,0.22,-0.02,0.21212121212121213,0,0.4
0.44373384,0.577041,0.36,0.32,0.21212121212121213,0,0.5
0.5182146,0.577041,0.36,0.32,0.21212121212121213,0,0.4
0.38851756,0.577041,0.36,0.32,0.21212121212121213,0,0.3
0.38851756,0.577041,0.19,0.01,0.21212121212121213,0,0.4
0.32366344,0.577041,0.39,0.15,0.21212121212121213,0,0.5
0.07940687,0.577041,0.39,0.15,0.21212121212121213,0,0.3
0.24915178,0.577041,0.39,0.15,0.21212121212121213,0,0.3
0.24915178,0.577041,0.34,0.13,0.21212121212121213,0,0.3
0.20022151,0.577041,0.46,0.25,0.21212121212121213,0,0.3
0.32968366,0.577041,0.46,0.25,0.21212121212121213,0,0.3
0.14884123,0.577041,0.46,0.25,0.21212121212121213,0,0.3
0.30549282,0.577041,0.46,0.25,0.21212121212121213,0,0.3
0.30549282,0.577041,0.41,0.1,0.21212121212121213,0,0.3
0.19984622,0.577041,0.41,0.1,0.21212121212121213,0,0.3
0.24627653,0.577041,0.32,0.25,0.21212121212121213,0,0.3
0.37126052,0.577041,0.32,0.25,0.21212121212121213,0,0.3
0.24418986,0.577041,0.32,0.25,0.21212121212121213,0,0.3
0.24418986,0.577041,0.34,-0.03,0.21212121212121213,0,0.3
0.39595053,0.577041,0.34,-0.03,0.21212121212121213,0,0.3
0.39595053,0.577041,0.44,0.09,0.21212121212121213,0,0.3
0.124582954,0.577041,0.44,0.09,0.21212121212121213,0,0.3
0.124582954,0.577041,0.27,0.05,0.21212121212121213,0,0.3
-0.06531318,0.577041,0.27,0.05,0.21212121212121213,0,0.3
-0.06531318,0.577041,0.39,0.33,0.21212121212121213,0,0.3
-0.25135717,0.577041,0.39,0.33,0.21212121212121213,0,0.3
-0.23872563,0.577041,0.17,-0.15,0.21212121212121213,0,0.3
0.13775307,0.577041,0.17,-0.15,0.21212121212121213,0,0.3
0.33310527,0.577041,0.17,-0.15,0.21212121212121213,0,0.4
0.33310527,0.577041,0.17,-0.15,0.21212121212121213,0,0.4
0.31049928,0.648355,0.17,-0.15,0.3,0,0.4
0.4753089,0.648355,0.17,-0.15,0.3,0,0.4
0.4753089,0.648355,0.38,0.25,0.3,0,0.0
0.4753089,0.648355,0.38,0.25,0.3,0,0.4
0.57531506,0.648355,0.38,0.25,0.3,0,0.4
0.57531506,0.648355,0.24,0.06,0.3,0,0.3
0.6246094,0.648355,0.24,0.06,0.3,0,0.3
0.4787159000000001,0.648355,0.24,0.06,0.3,0,0.3
0.5627749,0.648355,0.24,0.06,0.3,0,0.4
0.5627749,0.648355,0.24,0.06,0.3,0,0.2
0.53610367,0.648355,0.24,0.06,0.3,0,0.1
0.53610367,0.648355,0.24,0.06,0.3,0,0.0
0.57202345,0.648355,0.4,0.16,0.3,0,-0.3
0.1853128,0.648355,0.4,0.16,0.3,0,-0.2
0.1853128,0.648355,0.51,0.21,0.3,0,-0.2
-0.07655974,0.648355,0.51,0.21,0.3,0,-0.2
-0.07655974,0.648355,0.27,0.16,0.3,0,0.0
0.37379244,0.648355,0.27,0.16,0.3,0,-0.3
0.37379244,0.0,0.27,0.16,-0.06666666666666665,0,-0.3
0.2616939,0.0,0.27,0.16,-0.06666666666666665,0,-0.2
0.26091254,0.0,0.2,-0.05,-0.06666666666666665,0,-0.3
0.3618361,0.0,0.2,-0.05,-0.06666666666666665,0,-0.3
0.38449115,0.0,0.5,0.23,-0.06666666666666665,0,-0.3
0.38449115,-0.975116,0.5,0.23,0.0,0,-0.3
-0.06265894,-0.975116,0.5,0.23,0.0,0,-0.3
-0.06265894,-0.975116,0.37,0.09,0.0,0,-0.3
0.12866342,-0.975116,0.37,0.09,0.0,0,-0.3
0.17881382,-0.975116,0.38,0.14,0.0,0,-0.3
0.38201228,-0.975116,0.38,0.14,0.0,0,-0.3
0.32045788,-0.874128,0.38,0.14,-0.3,0,0.0
0.32118094,-0.874128,0.39,0.09,-0.3,0,0.0
0.34079970000000004,-0.874128,0.19,-0.06,-0.3,0,0.0
0.31489152,-0.874128,0.46,0.33,-0.3,0,0.0
0.47121656,-0.874128,0.46,0.33,-0.3,0,0.0
0.34283137,-0.874128,0.46,0.33,-0.3,0,0.0
0.11966523,-0.874128,0.46,0.33,-0.3,0,0.2
0.21102549,-0.874128,0.4,0.16,-0.3,0,0.2
0.096908145,-0.874128,0.4,0.16,-0.3,0,0.1
0.22696732,-0.874128,0.4,0.16,-0.3,0,0.1
0.22696732,-0.874128,0.5,-0.03,-0.3,0,0.1
0.095900014,-0.874128,0.5,-0.03,-0.3,0,0.1
0.095900014,-0.874128,0.5,-0.03,-0.3,0,0.2
0.223478,-0.874128,0.19,-0.01,-0.3,0,0.2
0.6260624,-0.874128,0.19,-0.01,-0.3,0,0.2
0.6260624,-0.874128,0.32,0.5,-0.3,0,0.2
0.61572677,0.0,0.32,0.5,0.2857142857142857,0,0.2
0.66674113,0.0,0.12,0.38,0.2857142857142857,0,0.1
0.6235430000000001,0.0,0.12,0.38,0.0,0,0.2
0.6235430000000001,0.0,0.38,0.27,0.0,0,0.2
0.67577094,0.0,0.36,0.15,0.0,0,0.2
0.6012809,0.0,0.36,0.15,0.0,0,0.2
0.53176224,0.0,0.44,0.35,0.0,0,0.2
0.3273895,0.0,0.44,0.35,0.0,0,0.2
0.4347682,0.0,0.4,0.13,0.0,0,0.2
0.52417326,0.0,0.22,0.37,0.0,0,0.1
0.5640841999999999,0.0,0.22,0.37,0.0,0,0.0
0.5244814,0.0,0.42,0.13,0.0,0,-0.2
0.5172884,-0.71865,0.42,0.13,0.06666666666666671,0,0.0
0.5172884,-0.71865,0.42,0.13,0.06666666666666671,0,0.0
0.5172884,-0.71865,0.34,0.21,0.06666666666666671,0,0.0
0.2768212,-0.71865,0.34,0.21,0.06666666666666671,0,0.0
0.3860374,-0.71865,0.34,0.21,0.06666666666666671,0,0.0
0.42556527,-0.71865,0.16,-0.06,0.06666666666666671,0,-0.2
0.14906465,-0.71865,0.16,-0.06,0.06666666666666671,0,-0.2
0.14906465,-0.71865,0.16,-0.06,0.06666666666666671,0,-0.2
0.3276995,-0.71865,0.16,-0.06,0.06666666666666671,0,-0.2
0.3276995,-0.71865,0.29,0.18,0.06666666666666671,0,-0.2
0.5363203000000001,-0.71865,0.29,0.18,0.06666666666666671,0,-0.2
0.4055125,-0.71865,0.29,0.18,0.06666666666666671,0,-0.2
0.4055125,-0.71865,0.29,0.18,0.06666666666666671,0,-0.2
0.4055125,-0.71865,0.29,0.18,0.06666666666666671,0,-0.2
0.51615846,-0.71865,0.29,0.18,0.06666666666666671,0,-0.2
0.5096758,-0.71865,0.29,0.02,0.06666666666666671,0,-0.2
0.21269669,-0.71865,0.29,0.02,0.06666666666666671,0,-0.2
0.39581317,-0.71865,0.29,0.02,0.06666666666666671,0,-0.2
0.48576853,-0.71865,0.33,-0.08,0.06666666666666671,0,-0.2
0.4725108,-0.71865,0.33,-0.08,0.06666666666666671,0,-0.2
0.4609960999999999,0.0,0.33,-0.08,-0.5,0,-0.2
0.5040411,0.0,0.58,0.37,-0.5,0,-0.3
0.52544165,0.0,0.24,0.01,-0.5,0,-0.3
0.45418644,0.0,0.23,0.11,-0.5,0,-0.4
0.45418644,0.0,0.23,0.11,-0.5,0,-0.4
0.5665784,0.0,0.23,0.11,-0.5,0,-0.5
0.5665784,0.0,0.27,-0.16,-0.5,0,-0.5
0.39342466,0.0,0.27,-0.16,-0.5,0,-0.6
0.33039322,0.0,0.27,-0.16,-0.5,0,-0.6
0.33039322,0.0,0.27,-0.16,-0.5,0,-0.3
0.4327647,0.0,0.27,-0.16,-0.5,0,-0.3
0.44769797,0.0,0.38,0.23,-0.5,0,-0.3
0.44769797,0.0,0.38,0.23,-0.5,0,0.0
0.550313,0.0,0.38,0.23,-0.5,0,0.0
0.550313,0.0,0.86,0.42,-0.5,0,0.0
0.4535269,0.0,0.31,0.08,-0.5,0,0.0
0.4535269,0.0,0.31,0.08,0.0,0,0.0
0.4035955,0.0,0.36,0.29,0.0,0,0.0
0.25874610000000003,0.0,0.36,0.29,0.0,0,-0.2
0.25874610000000003,0.0,0.05,0.11,0.0,0,-0.3
0.10439649,0.0,0.05,0.11,0.0,0,0.0
0.26143473,0.0,0.05,0.11,0.0,0,0.0
0.22023249,0.0,0.3,-0.2,0.0,0,0.0
0.22023249,-0.698609,0.3,-0.2,0.1,0,0.0
0.034427956,-0.698609,0.3,-0.2,0.1,0,0.4
0.034427956,-0.698609,0.28,0.04,0.1,0,0.2
0.38699,-0.698609,0.28,0.04,0.1,0,0.0
0.26940492,-0.698609,0.28,0.04,0.1,0,0.0
0.26940492,-0.698609,0.32,0.22,0.1,0,0.0
0.41754654,-0.698609,0.32,0.22,0.1,0,0.0
0.41754654,-0.698609,0.28,-0.07,0.1,0,-0.2
0.28746936,-0.698609,0.28,-0.07,0.1,0,-0.2
0.35268176,0.0,0.28,-0.07,0.0,0,-0.2
0.31603003,0,0.28,-0.07,0,0,-0.1
0.12590639999999995,0,0.28,-0.07,0,0,0.2
0.12590639999999995,0,0,0,0,0,0.1
0.3909067,0,0,0,0,0,0.1
0.623341,0.0,0.25,-0.06,0.0,0,0.1
0.623341,0.0,0.75,0.4,0.0,0,0.3
0.6076092,0.0,0.75,0.4,0.0,0,0.4
0.6076092,0.922986,0.75,0.4,0.475,0,0.5
0.6041559,0.0,0.75,0.4,0.0,0,0.5
0.4933645,0.0,0.75,0.4,0.0,0,0.4
0.4933645,0.0,0.18,0.03,0.0,0,0.4
0.59476763,0.0,-0.05,-0.76,0.0,0,0.4
0.46336597,0.0,-0.05,-0.76,0.0,0,0.4
0.46336597,0.7140270000000001,0.18,-0.04,0.6,0,0.3
0.46336597,0.7140270000000001,0.05,-0.21,0.6,0,0.3
0.05915387,0.7140270000000001,0.05,-0.21,0.6,0,0.4
0.05915387,0.7140270000000001,0.35,0.04,0.6,0,0.4
0.25679022,0.7140270000000001,0.35,0.04,0.6,0,0.4
-0.17010967,0.7140270000000001,0.35,0.04,0.6,0,0.4
-0.17010967,0.7140270000000001,0.42,0.17,0.6,0,0.4
0.029412515,0.7140270000000001,0.42,0.17,0.6,0,0.3
0.21299121,0.7140270000000001,0.42,0.17,0.6,0,0.3
0.08843478,0.7140270000000001,0.42,0.17,0.6,0,0.3
0.08843478,0.7140270000000001,0.07,-0.2,0.6,0,0.3
0.1993754,0.7140270000000001,0.07,-0.2,0.6,0,0.3
0.08591715,0.7140270000000001,0.07,-0.2,0.6,0,0.3
0.08591715,0.0,0.07,-0.2,-0.6,0,0.3
-0.03524694,0.0,0.07,-0.2,-0.6,0,0.4
-0.03524694,0.0,0.19,0.11,-0.6,0,0.4
0.3200925,0.0,0.19,0.11,-0.6,0,0.4
0.3200925,0.0,0.33,-0.15,-0.6,0,0.4
0.21741372,0.0,0.33,-0.15,-0.6,0,0.4
0.21741372,0.0,0.33,-0.15,0.0,0,0.4
-0.04091204,0.0,0.33,-0.15,0.0,0,0.4
-0.04091204,0.0,0.3,-0.06,0.26,0,0.5
0.19685934,0.0,0.3,-0.06,0.26,0,0.5
0.19685934,0.0,0.22,-0.04,0.26,0,0.5
0.0028863214,0.0,0.22,-0.04,0.26,0,0.4
0.3293983,0.0,0.22,-0.04,0.26,0,0.4
0.3293983,0.0,0.19,-0.25,0.26,0,0.4
0.26510465,-0.542028,0.19,-0.25,-0.375,0,0.4
-0.06705024,-0.542028,0.19,-0.25,-0.375,0,0.4
-0.06705024,-0.542028,0.43,0.14,-0.375,0,0.4
0.07180666,-0.542028,0.43,0.14,-0.375,0,0.5
0.07180666,-0.542028,0.23,-0.03,-0.375,0,0.5
0.19216816,-0.542028,0.23,-0.03,-0.375,0,0.0
0.19216816,-0.5055970000000001,0.23,-0.03,0.1722222222222222,0,0.4
0.30807516,-0.5055970000000001,0.23,-0.03,0.1722222222222222,0,0.4
0.30807516,-0.5055970000000001,-0.06,-0.33,0.1722222222222222,0,0.4
0.0027710833,-0.5055970000000001,-0.06,-0.33,0.1722222222222222,0,0.4
0.0027710833,-0.5055970000000001,0.32,0.15,0.1722222222222222,0,0.4
0.14671503,-0.5055970000000001,0.32,0.15,0.1722222222222222,0,0.4
-0.1637392,-0.5055970000000001,0.32,0.15,0.1722222222222222,0,0.4
0.025850851,-0.5055970000000001,0.32,0.15,0.1722222222222222,0,0.4
0.025850851,-0.5055970000000001,0.24,0.11,0.1722222222222222,0,0.3
0.39643407,-0.5055970000000001,0.24,0.11,0.1722222222222222,0,0.3
-0.12343183,-0.5055970000000001,0.24,0.11,0.1722222222222222,0,0.2
0.37039542,-0.5055970000000001,0.24,0.11,0.1722222222222222,0,0.2
0.37039542,-0.5055970000000001,0.35,0.14,0.1722222222222222,0,0.2
0.6160919,-0.5055970000000001,0.35,0.14,0.1722222222222222,0,0.2
0.44388413,-0.5055970000000001,0.35,0.14,0.1722222222222222,0,0.2
0.44388413,-0.5055970000000001,-0.01,-0.08,0.1722222222222222,0,0.2
0.19546708,-0.5055970000000001,-0.01,-0.08,0.1722222222222222,0,0.2
0.29072732,-0.5055970000000001,0.19,-0.06,0.1722222222222222,0,0.3
0.21360129,-0.5055970000000001,0.11,-0.18,0.1722222222222222,0,0.3
0.16849603,-0.5055970000000001,0.29,0.05,0.1722222222222222,0,0.4
0.3774613,-0.5055970000000001,0.29,0.05,0.1722222222222222,0,0.3
0.3774613,-0.5055970000000001,0.69,0.28,0.1722222222222222,0,0.3
0.32270770000000004,-0.5055970000000001,0.22,0.03,0.1722222222222222,0,0.3
0.6305156999999999,-0.5055970000000001,0.22,0.03,0.1722222222222222,0,0.3
0.6305156999999999,0.0,0.22,0.03,0.1722222222222222,0,0.3
0.6305156999999999,0.0,0.38,0.21,0.1722222222222222,0,0.3
0.51205254,0.0,0.38,0.21,0.1722222222222222,0,0.3
0.51205254,0.0,0.25,0.01,0.1722222222222222,0,0.3
0.019469306,0.0,0.25,0.01,0.1722222222222222,0,0.3
-0.09544347,0.0,0.25,0.01,0.1722222222222222,0,0.3
-0.30305552,0.0,0.25,0.01,0.1722222222222222,0,0.3
-0.39675605,0.0,0.28,0.33,0.1722222222222222,0,0.3
-0.32895267,0.0,0.28,0.33,0.1722222222222222,0,0.3
0.51034987,0.0,0.28,0.33,0.1722222222222222,0,0.4
0.5388453000000001,0.0,0.28,0.33,-0.3374999999999999,0,0.4
0.5388453000000001,0.0,0.47,0.06,-0.3374999999999999,0,0.4
0.49201834,0.0,0.47,0.06,-0.3374999999999999,0,0.4
0.44017124,0.0,0.32,-0.06,-0.3374999999999999,0,0.4
0.6240640000000001,0.0,0.32,-0.06,-0.3374999999999999,0,0.4
0.6365523,0.0,0.32,-0.06,-0.3374999999999999,0,0.4
0.5844236,0.0,0.26,0.01,-0.3374999999999999,0,0.4
0.48890045,0.0,0.14,0.05,-0.3374999999999999,0,0.4
0.5428498,0.0,0.14,0.05,-0.3374999999999999,0,0.3
0.5428498,0.0,0.44,0.2,-0.3374999999999999,0,0.3
0.26532707,0.0,0.44,0.2,-0.3374999999999999,0,0.3
0.26532707,0.0,0.48,0.28,-0.3374999999999999,0,0.3
0.6298819,0.0,0.48,0.29,-0.3374999999999999,0,0.4
0.5671483,0.0,0.48,0.29,-0.3374999999999999,0,0.4
0.37592638,0.0,0.48,0.29,-0.3374999999999999,0,0.3
0.3599985,0.0,0.48,0.29,-0.3374999999999999,0,0.3
0.48930007,0.0,0.48,0.29,-0.3374999999999999,0,0.3
0.48930007,0.0,0.17,-0.11,-0.3374999999999999,0,0.3
0.41568682,0.0,0.34,0.18,-0.3374999999999999,0,0.3
0.34332436,0.0,0.3,0.24,-0.3374999999999999,0,0.3
0.51488286,0.0,0.3,0.24,-0.3374999999999999,0,0.3
0.51488286,0.0,0.42,-0.04,-0.3374999999999999,0,0.3
0.45002204,0.0,0.42,-0.04,0.5,0,0.3
0.4320698000000001,0.0,0.42,-0.04,-0.15625,0,0.3
0.4320698000000001,0.0,0.58,0.51,-0.15625,0,0.2
0.25705534,0.0,0.58,0.51,-0.15625,0,0.0
0.25705534,0.0,0.58,0.51,0.5,0,0.2
0.29945675,0.0,0.58,0.51,0.05000000000000002,0,0.3
0.29945675,-0.5696289999999999,0.14,0.14,0.05000000000000002,0,0.3
0.34437445,-0.5696289999999999,0.37,0.12,0.05000000000000002,0,0.3
0.4195002000000001,-0.5696289999999999,0.51,0.14,0.05000000000000002,0,0.3
0.36847293,-0.5696289999999999,0.51,0.14,0.6,0,0.4
0.32782325,0.0,0.51,0.14,0.6,0,0.4
0.5044793,0.0,0.51,0.14,0.6,0,0.4
0.52673966,0.0,0.2,-0.05,0.6,0,0.4
0.52673966,0.0,0.2,-0.05,0.3,0,0.3
0.5115115,0.0,-0.1,-0.15,0.3,0,0.3
0.5115268,0.0,-0.1,-0.15,-0.4,0,0.3
0.5115268,0.0,0.23,0.15,-0.4,0,0.3
0.52561384,0.0,0.41,0.21,-0.4,0,0.3
0.5403204,0.0,0.5,0.13,-0.4,0,0.4
0.45792508,0.0,0.62,0.37,-0.4,0,0.4
0.46237472,0.0,0.16,-0.16,-0.4,0,0.3
0.48244476,0.0,0.27,0.08,-0.4,0,0.3
0.5003159,0.0,0.37,0.08,-0.4,0,0.3
0.29443145,0.0,0.37,0.08,-0.4,0,0.3
0.29443145,0.0,0.4,0.12,-0.4,0,0.3
-0.04034298,0.0,0.4,0.12,-0.4,0,0.5
-0.04034298,0.0,0.4,0.12,-0.6999999999999998,0,0.5
-0.14370991,0.0,0.4,0.12,-0.6999999999999998,0,0.5
-0.14370991,0.0,0.4,0.12,0.0,0,0.3
-0.24713504,0.0,0.4,0.12,0.0,0,0.3
-0.24713504,0.0,0.4,0.12,-0.65625,0,0.4
-0.24713504,0.0,0.41,0.1,-0.65625,0,0.4
0.08463672,0.0,0.41,0.1,-0.65625,0,0.0
0.08463672,0.0,0.41,0.1,-0.65625,0,0.4
0.2935648,0.0,0.41,0.1,-0.65625,0,0.4
0.3445879000000001,0.0,0.41,0.1,-0.65625,0,0.4
0.3445879000000001,0.0,0.41,0.1,0.14285714285714285,0,0.3
0.35114977,0.0,0.36,0.15,0.14285714285714285,0,0.3
0.46651977,0.0,0.36,0.15,0.14285714285714285,0,0.3
0.46651977,0.0,0.4,-0.02,0.14285714285714285,0,0.3
0.46651977,0.0,0.4,-0.02,-0.13333333333333328,0,0.3
0.3947658,0.0,0.37,0.19,-0.13333333333333328,0,0.4
0.43474486,0.0,0.38,0.06,-0.13333333333333328,0,0.4
0.5581464,0.0,0.38,0.06,-0.13333333333333328,0,0.3
0.15390617,0.0,0.38,0.06,-0.13333333333333328,0,0.3
0.58547294,0.0,0.38,0.06,-0.13333333333333328,0,0.3
0.58547294,0.0,0.86,0.19,-0.13333333333333328,0,0.3
0.024243183,0.0,0.86,0.19,-0.13333333333333328,0,0.3
0.48975778,0.0,0.86,0.19,-0.13333333333333328,0,0.3
0.48975778,0.0,0.36,0.2,-0.13333333333333328,0,0.3
0.4231788,0.0,0.41,0.2,-0.13333333333333328,0,0.3
0.242462,0.0,0.41,0.2,-0.13333333333333328,0,0.3
0.5120178,0.0,0.41,0.2,-0.13333333333333328,0,0.3
0.26974973,0.0,0.41,0.2,-0.13333333333333328,0,0.3
0.26974973,0.0,0.52,0.24,-0.13333333333333328,0,0.3
0.26974973,0.0,0.52,0.24,0.0,0,0.3
0.49520946,0.0,0.52,0.24,0.0,0,0.0
0.49520946,0.0,0.52,0.24,0.06666666666666668,0,0.3
0.49520946,-0.806661,0.52,0.24,0.06666666666666668,0,0.3
0.40402895,-0.806661,0.4,0.16,0.06666666666666668,0,0.3
0.29844886,-0.806661,0.4,0.16,0.06666666666666668,0,0.3
0.31601748,-0.806661,0.4,0.16,0.0,0,0.3
0.31601748,0.0,0.4,0.16,0.0,0,0.3
0.13707286,0.0,0.4,0.16,0.0,0,0.3
0.13707286,0.0,0.4,0.16,0.1464285714285714,0,0.3
0.43820512,0.0,0.4,0.16,0.1464285714285714,0,0.0
-0.12070465,0.0,0.4,0.16,0.1464285714285714,0,0.3
-0.12070465,0.0,0.28,0.05,0.1464285714285714,0,0.3
0.6062379,0.0,0.28,0.05,0.1464285714285714,0,0.3
0.6463159,0.0,0.28,0.05,0.1464285714285714,0,0.4
0.58758736,0.0,0.28,0.05,0.1464285714285714,0,0.4
0.5824758000000001,0.0,0.28,0.17,0.1464285714285714,0,0.5
0.5824758000000001,0.0,0.28,0.17,0.1464285714285714,0,0.5
0.5848536,0.0,0.58,0.02,0.1464285714285714,0,0.5
0.5640236,0.0,0.44,0.15,0.1464285714285714,0,0.4
0.57735705,0.0,0.44,0.15,0.1464285714285714,0,0.4
0.57735705,0.0,0.44,0.15,0.1464285714285714,0,0.5
0.57735705,0.0,0.5,0.27,0.1464285714285714,0,0.0
0.59220064,0.0,0.5,0.27,0.2,0,0.5
0.5537559,0.0,0.5,0.27,0.2,0,0.6
0.46529907,-0.968042,0.5,0.27,0.2,0,0.6
0.46529907,-0.968042,0.45,0.1,0.2,0,0.6
0.48193908,-0.968042,0.45,0.1,0.0,0,0.6
0.48193908,0.0,0.45,0.1,0.0,0,0.5
0.48193908,0.0,0.45,0.1,-0.2,0,0.5
0.36463535,0.0,0.45,0.1,-0.2,0,0.5
0.36463535,0.0,0.42,0.17,-0.2,0,0.5
0.2794409,0.0,0.4,0.12,-0.2,0,0.5
0.4024758,0.0,0.4,0.12,-0.2,0,0.4
0.29220515,0.0,0.4,0.12,-0.2,0,0.5
0.29220515,0.0,0.78,0.44,0.0,0,0.5
0.27355796,0.0,0.35,0.1,0.0,0,0.3
0.13366175,0.0,0.35,0.1,0.0,0,0.2
0.13366175,0.0,0.49,0.31,0.0,0,0.2
0.4189203,0.0,0.49,0.31,0.0,0,0.2
0.24147308,0.0,0.49,0.31,0.0,0,0.3
0.24147308,0.0,0.4,0.16,0.0,0,0.3
0.57131237,0.0,0.4,0.16,0.0,0,0.3
0.57131237,0.0,0.4,0.16,0.1125,0,0.3
0.5981899,0.0,0.29,0.04,0.1125,0,0.3
0.47135738,0.0,0.29,0.04,0.1125,0,0.3
0.5411948000000001,0.0,0.39,0.19,0.1125,0,0.3
0.6258898,0.0,0.53,0.21,0.1125,0,0.3
0.52772033,0.0,0.51,0.16,0.1125,0,0.3
0.6282302,0.0,0.51,0.16,0.1125,0,0.3
0.6361511,0.0,0.14,-0.11,0.1125,0,0.4
0.61102283,0.0,0.14,-0.11,0.32307692307692304,0,0.4
0.49200064,0.0,0.14,-0.11,0.32307692307692304,0,0.4
0.3289562,0.0,0.14,-0.11,0.32307692307692304,0,0.4
0.19676936,0.0,0.14,-0.11,0.32307692307692304,0,0.4
0.19676936,0.0,0.27,0.08,0.32307692307692304,0,0.3
0.25311705,0.0,0.27,0.08,-1.0,0,0.3
0.25311705,0.0,0.44,0.07,-1.0,0,0.3
0.42178982,0.0,0.44,0.07,-1.0,0,0.3
0.24479641,0.0,0.44,0.07,-1.0,0,0.3
0.24479641,0.0,0.3,-0.01,-1.0,0,0.3
0.3910077,0.0,0.3,-0.01,-1.0,0,0.3
0.33283302,0.0,0.3,-0.01,0.0,0,0.3
0.33283302,0.0,0.3,-0.01,0.2333333333333333,0,0.3
0.28993565,0.0,0.33,0.16,0.2333333333333333,0,0.4
0.45752355,0.0,0.33,0.16,0.2333333333333333,0,0.4
0.45752355,0.0,0.22,0.07,0.2333333333333333,0,0.4
0.36999506,0.0,0.56,0.35,0.2333333333333333,0,0.4
0.34175134,0.0,0.28,0.07,0.2333333333333333,0,0.4
0.4263791,0.0,0.5,0.21,0.2333333333333333,0,0.3
0.43942842,0.0,0.51,0.12,0.2333333333333333,0,0.3
0.458942,0.0,0.51,0.12,-0.34,0,0.6
0.458942,-0.620417,0.51,0.12,-0.34,0,0.4
0.435914,-0.620417,0.15,-0.13,-0.34,0,0.5
0.4319585999999999,-0.620417,0.15,-0.13,-0.34,0,0.5
0.48789224,-0.620417,-0.11,-0.35,-0.34,0,0.4
0.5031114999999999,-0.620417,0.3,0.05,-0.34,0,0.5
0.59408915,-0.620417,0.3,0.05,-0.34,0,0.5
0.59408915,-0.620417,0.3,0.05,-0.34,0,0.5
0.59408915,-0.620417,0.59,0.31,-0.34,0,0.5
0.5798414000000001,-0.620417,0.24,0.0,-0.34,0,0.6
0.55557865,-0.620417,0.24,0.0,-0.34,0,0.6
0.56229085,-0.620417,0.47,0.2,-0.34,0,0.6
0.6014169,-0.620417,0.43,0.12,-0.34,0,0.6
0.5456736,-0.620417,0.52,0.28,-0.34,0,0.7
0.5456736,-0.620417,0.52,0.28,-0.34,0,0.7
0.5871243,-0.620417,0.52,0.28,-0.34,0,0.7
0.58635676,-0.620417,0.52,0.28,0.0,0,0.6
0.58635676,0.0,0.52,0.28,0.0,0,0.6
0.5951647,0.0,0.52,0.28,0.0,0,0.6
0.59903157,0.0,0.29,0.13,0.0,0,0.6
0.7091341999999999,0.0,0.29,0.13,0.0,0,0.7
0.69266707,0.0,0.29,0.13,0.0,0,1.0
0.6472842,0.0,0.29,0.13,0.5,0,0.9
0.5995823,0.0,0.29,0.13,-0.5,0,0.8
0.55570984,0.0,0.29,0.13,0.0,0,0.7
0.6012299,0.0,0.22,0.08,0.0,0,0.7
0.6012299,0.0,0.22,0.08,0.15000000000000002,0,0.7
0.64936703,0.0,0.47,0.27,0.15000000000000002,0,0.7
0.6634587,0.0,0.51,0.58,0.15000000000000002,0,0.5
0.56421936,0.0,0.66,0.24,0.15000000000000002,0,0.5
0.66125196,0.0,0.39,0.07,0.15000000000000002,0,0.4
0.64270353,0.0,0.39,0.07,-0.65625,0,0.5
0.65743315,0.0,0.39,0.07,-0.65625,0,0.5
0.6426248999999999,0.0,0.53,0.15,-0.65625,0,0.5
0.6300193000000001,0.0,0.53,0.15,0.0,0,0.5
0.6220751999999999,0.0,0.53,0.15,0.0,0,0.5
0.59645087,0.0,0.46,0.15,0.0,0,0.5
0.4410615,0.0,0.46,0.15,0.0,0,0.5
0.23166203,0.0,0.46,0.15,0.0,0,0.5
0.33000034,0.60854,0.46,0.15,0.0,0,0.5
0.3595236,0.60854,0.34,-0.04,0.0,0,0.5
0.3595236,0.60854,0.34,-0.04,0.0,0,0.6
0.50276,0.60854,0.34,-0.04,0.0,0,0.6
0.50276,0.0,0.34,-0.04,0.15,0,0.6
0.50276,-0.663198,0.34,-0.04,0.15,0,0.6
0.42923298,-0.663198,0.34,-0.04,0.15,0,0.8
0.4877122,-0.663198,0.34,-0.04,0.075,0,0.8
0.43079498,0.0,0.34,-0.04,0.075,0,0.7
0.57868975,0.0,0.34,-0.04,0.075,0,0.7
0.57868975,0.0,0.36,0.05,0.075,0,0.6
0.6112485,0.0,0.36,0.05,0.9,0,0.8
0.6112485,0.0,0.46,0.11,0.9,0,0.8
0.23626561,0.0,0.46,0.11,0.9,0,0.8
0.5101800999999999,0.0,0.46,0.11,0.9,0,0.8
0.5101800999999999,0.0,0.43,0.22,0.9,0,0.7
0.452142,0.0,0.43,0.22,0.9,0,0.7
0.3549201,0.0,0.43,0.22,0.0,0,0.7
0.4858045999999999,0.0,0.43,0.22,0.0,0,0.7
0.4425840999999999,0.0,0.43,0.22,0.0,0,0.7
0.5185858,0.0,0.43,0.22,0.42777777777777776,0,0.7
0.5185858,0.870782,0.43,0.22,0.42777777777777776,0,0.7
0.49910703,0.870782,0.1,-0.1,0.42777777777777776,0,0.7
0.35839343,0.870782,0.1,-0.1,0.42777777777777776,0,0.6
0.49350125,0.870782,0,0,0.42777777777777776,0,0.3
