0.2681126,-0.515392,0.14,0.18,0.35,0,-0.2
0.094647914,-0.515392,0.14,0.18,0.35,0,-0.3
0.35946867,-0.515392,0.14,0.18,0.35,0,-0.1
0.18631159,-0.515392,0.14,0.18,0.35,0,-0.3
0.18631159,-0.515392,0.06,0.09,0.35,0,-0.3
0.0033747032,-0.515392,0.06,0.09,0.35,0,-0.4
0.2564479,-0.515392,0.06,0.09,0.35,0,-0.4
0.103959486,-0.515392,0.06,0.09,0.35,0,-0.1
0.10204523,-0.515392,0.32,0.26,0.35,0,0.0
-0.04268626,-0.515392,0.32,0.26,0.35,0,0.0
-0.23121807,-0.515392,0.32,0.26,0.35,0,0.0
-0.272637,0.606394,0.32,0.26,0.6,0,0.3
-0.008350067,0.606394,0.32,0.26,0.6,0,0.0
-0.13743532,0.606394,0.32,0.26,0.6,0,0.0
-0.13743532,0.606394,0.3,0.26,0.6,0,0.0
0.2693522,0.606394,0.3,0.26,0.6,0,0.0
0.1302798,0.606394,0.3,0.26,0.6,0,0.3
-0.028212212,0.606394,0.3,0.26,0.6,0,0.3
0.20793965,0.606394,0.3,0.26,0.6,0,0.4
0.49539262,0.606394,0.3,0.26,0.6,0,0.1
0.05025158,0.606394,0.3,0.26,0.6,0,-0.4
-0.08354550599999999,0.606394,0.3,0.26,0.6,0,-0.4
-0.08354550599999999,0.519918,0.3,0.26,0.5,0,-0.4
0.34177426,0.519918,0.3,0.26,0.5,0,-0.5
0.34177426,0.519918,0.17,-0.01,0.5,0,-0.2
0.17031949999999998,0.519918,0.17,-0.01,0.5,0,-0.1
0.0062646493,0.519918,0.17,-0.01,0.5,0,-0.3
0.19627626,0.519918,0.17,-0.01,0.5,0,-0.3
-0.01576081,0.519918,0.17,-0.01,0.5,0,-0.2
-0.01576081,0.519918,0.18,0.11,0.5,0,0.0
-0.045551404,0.519918,0.31,0.13,0.5,0,0.4
0.16891205,0.519918,0.31,0.13,0.5,0,0.4
0.16891205,0.0,0.31,0.13,0.18000000000000002,0,0.2
-0.06387873,0.0,0.31,0.13,0.18000000000000002,0,0.0
-0.055984348,0.0,-0.09,0.2,0.18000000000000002,0,0.0
-0.07616424599999999,0.680579,-0.09,0.2,0.23833333333333334,0,0.2
0.025381103,0.680579,-0.09,0.2,0.23833333333333334,0,0.0
0.13644996,0.680579,-0.09,0.2,0.23833333333333334,0,0.7
-0.0692683,0.680579,-0.09,0.2,0.23833333333333334,0,0.5
-0.0692683,0.680579,0.16,0.14,0.23833333333333334,0,0.1
0.23500864,0.680579,0.16,0.14,0.23833333333333334,0,0.0
-0.12177603,0.680579,0.16,0.14,0.23833333333333334,0,0.0
-0.12177603,0.680579,0.27,0.23,0.23833333333333334,0,0.0
0.08646739,0.680579,0.27,0.23,0.23833333333333334,0,0.0
-0.0144069195,0.680579,0.27,0.23,0.23833333333333334,0,-0.2
-0.24455878,0.680579,0.27,0.23,0.23833333333333334,0,0.0
-0.11329609,0.680579,0.27,0.23,0.23833333333333334,0,0.0
-0.111502245,0.680579,0.27,0.19,0.23833333333333334,0,0.0
-0.025429718,0.772674,0.27,0.19,0.69875,0,0.2
-0.061169393,0.671031,0.27,0.19,0.7,0,0.1
-0.020889021,0.671031,0.27,0.19,0.7,0,0.0
0.4148898,0.671031,0.27,0.19,0.7,0,0.0
0.656566,0.671031,0.27,0.19,0.7,0,0.0
0.5857656,0.671031,0.27,0.19,0.7,0,-0.3
0.5520804,0.5091399999999999,0.27,0.19,0.3,0,0.0
-0.06179722400000001,0.5091399999999999,0.27,0.19,0.3,0,0.0
-0.06179722400000001,0.5091399999999999,0.16,0.08,0.3,0,-0.2
-0.067381814,0.5091399999999999,-0.01,-0.03,0.3,0,0.4
-0.070577204,0.0,-0.01,-0.03,-1.0,0,0.3
0.0038056225,0.0,0.25,0.21,-1.0,0,0.4
-0.115623534,0.0,0.25,0.21,-1.0,0,0.4
-0.115623534,0.0,0.43,0.53,-1.0,0,0.2
0.6583585999999999,0.0,0.43,0.53,-1.0,0,0.0
0.13095683,0.0,0.43,0.53,-1.0,0,0.0
0.13095683,0.0,0.43,0.53,0.27,0,0.0
-0.053654037,0.0,0.43,0.53,0.27,0,0.0
0.14083542,0.0,0.43,0.53,0.27,0,0.2
0.14083542,0.0,0.43,0.53,0.27,0,0.2
0.47465295,0.0,0.43,0.53,0.27,0,0.2
0.47465295,0.0,0.43,0.53,0.175,0,0.3
0.66095763,0.0,0.43,0.53,0.175,0,0.3
0.7083138000000001,0.0,0.43,0.53,0.175,0,0.4
0.34712377,0.0,0.43,0.53,0.175,0,0.3
0.1805235,0.0,0.43,0.53,0.175,0,0.3
0.1805235,0.0,0.41,0.36,0.175,0,0.0
0.29546028,0.0,0.41,0.36,0.175,0,0.3
0.47899228,0.0,0.41,0.36,0.175,0,0.0
0.47899228,0.0,0.41,0.36,0.175,0,0.1
0.47899228,-0.6333260000000001,0.41,0.36,-0.26666666666666666,0,0.0
0.67584544,-0.6333260000000001,0.41,0.36,-0.26666666666666666,0,0.0
0.66898847,-0.6333260000000001,0.41,0.36,-0.26666666666666666,0,0.0
0.70403624,-0.6333260000000001,0.41,0.36,-0.26666666666666666,0,-0.3
0.437092,-0.6333260000000001,0.41,0.36,-0.26666666666666666,0,0.0
0.61162734,-0.6333260000000001,0.41,0.36,-0.26666666666666666,0,-0.2
0.69892097,-0.6333260000000001,0.3,0.22,-0.26666666666666666,0,-0.2
0.6441979999999999,-0.6333260000000001,0.3,0.22,-0.26666666666666666,0,0.0
0.47561735,-0.6333260000000001,0.3,0.22,-0.26666666666666666,0,-0.2
0.30511445,-0.6333260000000001,0.3,0.22,-0.26666666666666666,0,-0.5
0.21353574,-0.6333260000000001,0.29,0.37,-0.26666666666666666,0,-0.6
0.37265792,-0.6333260000000001,0.29,0.37,-0.26666666666666666,0,-0.3
-0.0758906,-0.6333260000000001,0.29,0.37,-0.26666666666666666,0,-0.2
0.4097615,-0.6333260000000001,0.29,0.37,-0.26666666666666666,0,0.0
0.38711745,-0.8331219999999999,0.29,0.37,-0.05,0,0.0
0.48965102,-0.8331219999999999,0.29,0.37,-0.05,0,0.0
-0.1711058,-0.8331219999999999,0.29,0.37,-0.05,0,0.0
-0.1711058,-0.8331219999999999,0.06,0.01,-0.05,0,0.0
-0.013909064,-0.8331219999999999,0.06,0.01,-0.05,0,0.0
0.49757022,-0.8331219999999999,0.06,0.01,-0.05,0,0.0
0.39528906,-0.8331219999999999,0.06,0.01,-0.05,0,0.0
-0.10106219,-0.8331219999999999,0.06,0.01,-0.05,0,-0.2
0.18534811,-0.8331219999999999,0.06,0.01,-0.05,0,0.0
0.47868463,-0.8331219999999999,0.06,0.01,-0.05,0,0.0
0.47868463,-0.8331219999999999,0.24,0.12,-0.05,0,0.0
0.35986048,-0.8331219999999999,0.24,0.12,-0.05,0,0.0
0.35986048,-0.8331219999999999,0.31,0.31,-0.05,0,0.0
-0.032491907,-0.8331219999999999,0.31,0.31,-0.05,0,0.0
-0.019858964,-0.613641,0.31,0.31,-0.01666666666666668,0,0.0
0.17059174,-0.613641,0.31,0.31,-0.01666666666666668,0,0.0
-0.03433115,-0.613641,0.31,0.31,-0.01666666666666668,0,-0.3
0.08860129,-0.613641,0.31,0.31,-0.01666666666666668,0,-0.2
0.34520245,-0.613641,0.31,0.31,-0.01666666666666668,0,-0.3
0.34520245,-0.613641,0.37,0.35,-0.01666666666666668,0,-0.3
0.17392007,-0.613641,0.37,0.35,-0.01666666666666668,0,0.0
0.120042466,-0.613641,0.05,0.01,-0.01666666666666668,0,0.2
-0.05175952,-0.613641,0.05,0.01,-0.01666666666666668,0,0.4
0.05468754,-0.613641,0.05,0.01,-0.01666666666666668,0,0.4
0.35020107,-0.613641,0.05,0.01,-0.01666666666666668,0,0.0
0.35020107,0.684161,0.05,0.01,0.5,0,0.0
0.64119357,0.684161,0.05,0.01,0.5,0,0.0
0.44929558,0.684161,0.05,0.01,0.5,0,-0.4
0.4731594,0.684161,0.3,0.21,0.5,0,-0.7
0.35992217,0.684161,0.3,0.21,0.5,0,-0.7
0.35992217,0.684161,0.2,0.16,0.5,0,-0.8
0.14118588,0.684161,0.2,0.16,0.5,0,-1.0
-0.06066277,0.684161,0.2,0.16,0.5,0,-0.9
0.20910692,0.684161,0.2,0.16,0.5,0,-0.9
0.32638216,0.684161,0.2,0.16,0.5,0,-0.8
0.4284795,0.684161,0.2,0.16,0.5,0,-0.9
0.4284795,0.684161,0.27,0.34,0.5,0,-1.0
-0.038961366,0.684161,0.27,0.34,0.5,0,-1.0
0.5710648,0.684161,0.27,0.34,0.5,0,-1.0
0.42100626,0.684161,0.27,0.34,0.5,0,-1.0
0.46746045,0.684161,0.3,0.26,0.5,0,-0.9
0.32575843,0.684161,0.3,0.26,0.5,0,-0.6
0.32575843,0.0,0.3,0.26,0.6,0,-0.6
-0.16692768,0.0,0.3,0.26,0.6,0,-0.5
0.36029613,0.0,0.3,0.26,0.6,0,-0.5
-0.043973505,0.0,0.3,0.26,0.6,0,-0.4
0.22742245,0.0,0.3,0.26,0.6,0,-0.5
-0.0067118704,0.0,0.3,0.26,0.6,0,-0.5
0.35549277,0.0,0.3,0.26,0.6,0,-0.6
0.49387985,0.0,-0.11,0.19,0.6,0,-0.6
0.08781412,0.0,-0.11,0.19,0.6,0,-0.5
-0.10890438,0.0,-0.11,0.19,0.6,0,-0.5
-0.10890438,0.0,0.31,0.18,0.6,0,-0.5
-0.10890438,0.0,0.4,0.12,0.6,0,-0.6
-0.022015035,0.0,0.4,0.12,0.0,0,-0.6
-0.02488438,0.0,0.4,0.12,0.1,0,-0.6
-0.05811223400000001,0.0,0.35,0.25,0.1,0,-0.6
-0.08280572,0.0,0.29,0.21,0.1,0,-0.3
-0.05364883,0.560936,0.29,0.21,0.05875,0,-0.3
0.10314097,0.560936,0.29,0.21,0.05875,0,-0.2
-0.09241195,0.560936,0.29,0.21,0.05875,0,0.0
0.043026593,0.560936,0.29,0.21,0.05875,0,-0.2
0.043026593,0.560936,0.34,0.17,0.05875,0,-0.1
-0.005421128000000001,0.0,0.34,0.17,0.09428571428571428,0,-0.2
-0.06967351,0.0,0.25,0.19,0.09428571428571428,0,-0.2
-0.07349244,0.0,0.3,0.14,0.09428571428571428,0,-0.2
-0.06434242400000001,0.0,0.34,0.24,0.09428571428571428,0,-0.6
-0.07865821,0.6534409999999999,0.34,0.24,0.21555555555555556,0,-0.7
-0.059187427,0.6534409999999999,0.17,0.23,0.21555555555555556,0,-0.7
-0.02245403,0.6534409999999999,0.16,0.03,0.21555555555555556,0,-0.6
0.026783133,0.6534409999999999,0.26,0.3,0.21555555555555556,0,-0.5
0.0013507679,-0.6372369999999999,0.26,0.3,0.0,0,-0.4
-0.011120066,-0.6372369999999999,0.27,0.46,0.0,0,-0.5
-0.024843872000000003,-0.631317,0.27,0.46,-0.13333333333333333,0,0.4
0.23985505,-0.631317,0.27,0.46,-0.13333333333333333,0,0.9
0.40793246,-0.631317,0.27,0.46,-0.13333333333333333,0,1.0
0.69194764,-0.631317,0.27,0.46,-0.13333333333333333,0,0.8
0.69194764,-0.631317,0.5,0.4,-0.13333333333333333,0,0.8
0.64632213,0.630506,0.5,0.4,0.11666666666666665,0,0.8
0.64632213,0.630506,0.5,0.4,0.11666666666666665,0,0.0
0.09026435,0.630506,0.5,0.4,0.11666666666666665,0,0.9
0.09026435,0.630506,0.5,0.4,0.11666666666666665,0,0.8
-0.15307035,0.630506,0.5,0.4,0.11666666666666665,0,0.8
-0.02257961,0.630506,0.5,0.4,0.11666666666666665,0,0.6
0.45746827,0.630506,0.5,0.4,0.11666666666666665,0,0.6
0.45746827,0.630506,-0.17,-0.16,0.11666666666666665,0,0.6
0.18333948,0.630506,-0.17,-0.16,0.11666666666666665,0,0.6
0.18333948,0.630506,0.29,0.29,0.11666666666666665,0,0.6
0.092576236,0.630506,0.2,-0.16,0.11666666666666665,0,0.6
0.092576236,0.630506,0.2,-0.16,0.11666666666666665,0,0.6
0.30850342,0.630506,0.2,-0.16,0.11666666666666665,0,0.5
0.67927426,0.630506,0.2,-0.16,0.11666666666666665,0,0.6
0.43610194,0.630506,0.2,-0.16,0.11666666666666665,0,0.5
0.43610194,0.630506,0.2,-0.16,0.11666666666666665,0,0.5
0.079043284,0.630506,0.2,-0.16,0.11666666666666665,0,0.5
-0.08998518,0.630506,0.2,-0.16,0.11666666666666665,0,0.6
-0.2095103,0.630506,0.2,-0.16,0.11666666666666665,0,0.5
-0.10108508,0.630506,0.2,-0.16,0.11666666666666665,0,0.9
-0.08156319,0.630506,0.25,0.14,0.11666666666666665,0,0.6
-0.11919427,0.630506,0.12,-0.01,0.11666666666666665,0,0.5
-0.05931726,0.879599,0.12,-0.01,0.3,0,0.4
-0.0402845,0.8554870000000001,0.12,-0.01,0.6000000000000001,0,0.4
0.12537792,0.8554870000000001,0.12,-0.01,0.6000000000000001,0,0.3
0.27660158,0.8554870000000001,0.12,-0.01,0.6000000000000001,0,0.3
0.06730023,0.8554870000000001,0.12,-0.01,0.6000000000000001,0,0.3
0.06730023,0.8554870000000001,-0.01,0.07,0.6000000000000001,0,0.3
0.06730023,0.0,-0.01,0.07,0.0,0,0.3
-0.09899247,0.0,-0.01,0.07,0.0,0,0.0
-0.10135041,0.0,0.09,0.24,0.0,0,0.3
0.287998,0.0,0.09,0.24,0.0,0,0.3
-0.0189218,0,0.09,0.24,0,0,0.3
0.47254267,0,0,0,0,0,0.4
0.27253497,0.0,-0.13,0.35,-0.5555555555555556,0,0.3
0.34342632,0.0,0.05,-0.05,-0.5555555555555556,0,0.2
0.027372852000000003,0.0,0.05,-0.05,-0.5555555555555556,0,0.2
0.027372852000000003,0.0,-0.0,-0.01,-0.5555555555555556,0,0.1
0.32860506,0.0,-0.0,-0.01,-0.5555555555555556,0,0.2
-0.096542925,0.0,-0.0,-0.01,-0.5555555555555556,0,0.2
-0.1294864,0.0,-0.17,-0.23,-0.5555555555555556,0,0.2
-0.019401267,0.0,-0.17,-0.23,-0.5555555555555556,0,0.0
-0.08534755,0.0,0.1,0.01,-0.5555555555555556,0,-0.2
-0.05492799,0.0,-0.1,0.07,-0.5555555555555556,0,-0.3
-0.0057656355000000005,0.0,0.03,-0.07,-0.5555555555555556,0,-0.2
-0.0057656355000000005,0.0,-0.12,-0.16,-0.5555555555555556,0,0.0
-0.040453106,0.0,-0.12,-0.16,0.2,0,0.0
-0.024588801,0.0,0.02,0.04,0.2,0,0.0
-0.047799066,0.0,0.07,0.12,0.2,0,0.2
0.13017115,0.0,0.07,0.12,0.2,0,0.1
0.40603712,0.0,0.07,0.12,0.2,0,0.1
0.45892015,0.0,0.07,0.12,0.0,0,0.1
0.3854761,0.0,0.07,0.12,-0.25,0,0.4
0.42087904,0.0,0.01,-0.03,-0.25,0,0.4
0.4256832,0.0,0.18,0.07,-0.25,0,0.2
-0.022852167000000003,0.0,0.18,0.07,-0.25,0,0.3
-0.022852167000000003,-0.520732,0.18,0.07,0.0,0,0.3
0.01618725,-0.520732,0.0,0.11,0.0,0,0.1
0.037293963,-0.523945,0.0,0.11,0.2,0,0.1
0.22213307,-0.523945,0.0,0.11,0.2,0,0.2
0.3078189,0.0,0.0,0.11,0.4,0,0.2
0.18710862,0.0,0.0,0.11,0.4,0,0.1
0.18710862,0.0,0.06,-0.04,0.4,0,0.2
0.46053705,0.0,0.06,-0.04,0.4,0,0.2
0.46053705,0.0,0.09,0.1,0.4,0,0.0
0.28851235,0.0,0.09,0.1,0.4,0,0.0
0.28851235,0.552094,0.09,0.1,0.2375,0,0.0
-0.17510183,0.552094,0.09,0.1,0.2375,0,0.0
0.15140459,0.552094,0.09,0.1,0.2375,0,0.0
0.12745762,0.552094,0.2,0.01,0.2375,0,0.3
0.023403738,0.552094,0.2,0.01,0.2375,0,0.5
-0.17562167,0.552094,0.2,0.01,0.2375,0,0.5
-0.17562167,0.0,0.2,0.01,0.0,0,0.3
-0.0370206,0.0,0.2,0.01,0.0,0,0.5
-0.049123727,0.0,0.25,-0.11,0.0,0,0.5
0.027550032,0.0,0.07,0.05,0.0,0,0.0
-0.060879394,0.0,0.15,0.03,0.0,0,0.0
-0.060879394,0.0,0.15,0.03,0.004166666666666653,0,-0.2
0.40708435,0.0,0.15,0.03,0.004166666666666653,0,-0.3
0.42523026,0.0,0.09,0.12,0.004166666666666653,0,-0.3
0.63220876,0.0,0.09,0.12,0.004166666666666653,0,-0.3
0.512519,0.0,0.09,0.12,0.004166666666666653,0,-0.1
0.3798269,0.0,0.09,0.12,0.004166666666666653,0,-0.1
0.29806185,-0.52681,0.09,0.12,0.004166666666666653,0,-0.2
0.17388168,-0.52681,0.09,0.12,0.004166666666666653,0,-0.3
0.10480861,-0.52681,0.07,0.08,0.004166666666666653,0,-0.3
0.4298008,-0.52681,0.07,0.08,0.004166666666666653,0,0.0
0.4298008,-0.52681,0.07,0.08,0.0,0,0.0
0.4298008,0.0,0.07,0.08,0.0,0,0.0
0.40964055,0.0,0.07,0.08,-0.06666666666666657,0,0.0
0.52786094,0.0,0.07,0.08,-0.06666666666666657,0,0.0
0.52786094,-0.695818,0.07,0.08,-0.06666666666666657,0,0.0
0.078550816,-0.695818,0.07,0.08,-0.06666666666666657,0,0.0
0.095279336,-0.695818,0.08,-0.08,-0.06666666666666657,0,0.0
0.38373107,-0.695818,0.08,-0.08,-0.06666666666666657,0,0.0
0.3705484000000001,-0.695818,0.1,0.1,-0.06666666666666657,0,-0.2
0.20527367,-0.695818,0.1,0.1,-0.06666666666666657,0,0.0
0.20527367,-0.695818,-0.07,0.02,-0.06666666666666657,0,0.2
0.3975443,-0.695818,-0.07,0.02,-0.06666666666666657,0,0.1
0.35435387,-0.695818,-0.07,0.02,-0.09595959595959598,0,0.2
0.09182283,-0.695818,-0.07,0.02,-0.09595959595959598,0,0.0
0.09182283,-0.51071,-0.07,0.02,-0.09595959595959598,0,0.2
0.66142917,-0.51071,-0.07,0.02,-0.09595959595959598,0,0.3
0.104062036,-0.51071,-0.07,0.02,-0.09595959595959598,0,0.3
0.3775656,-0.51071,-0.07,0.02,-0.09595959595959598,0,0.4
0.25929183,-0.51071,-0.07,0.02,-0.09595959595959598,0,0.0
0.25929183,-0.51071,0.09,0.09,-0.09595959595959598,0,0.0
0.29494137,-0.51071,0.15,0.05,-0.09595959595959598,0,-0.2
-0.19021298,-0.51071,0.15,0.05,-0.09595959595959598,0,-0.2
0.23286267,-0.51071,0.15,0.05,-0.09595959595959598,0,-0.3
-0.11918257,-0.51071,0.15,0.05,-0.09595959595959598,0,-0.4
0.112839326,-0.51071,0.15,0.05,-0.09595959595959598,0,-0.4
0.059197456,-0.51071,0.06,0.09,-0.09595959595959598,0,-0.4
0.08788852400000001,-0.51071,0.02,-0.01,-0.09595959595959598,0,0.4
-0.053784497,-0.51071,0.02,-0.01,-0.09595959595959598,0,0.2
-0.053784497,-0.51071,0.18,0.01,-0.09595959595959598,0,0.4
0.0052490607,-0.51071,0.2,0.15,-0.09595959595959598,0,0.4
-0.15777776,-0.51071,0.2,0.15,-0.09595959595959598,0,0.6
-0.07874116,-0.51071,0.12,0.05,-0.09595959595959598,0,0.3
0.27564678,-0.51071,0.12,0.05,-0.09595959595959598,0,0.0
-0.1427749,-0.51071,0.12,0.05,-0.09595959595959598,0,-0.3
-0.016183302,-0.51071,0.12,0.05,-0.09595959595959598,0,-0.2
0.2181089,-0.51071,0.12,0.05,-0.09595959595959598,0,-0.2
0.2181089,-0.51071,0.21,0.26,-0.09595959595959598,0,-0.2
0.33892298,-0.51071,0.21,0.26,-0.09595959595959598,0,0.0
0.13690838,-0.51071,0.21,0.26,-0.09595959595959598,0,0.0
-0.11398046,-0.51071,0.21,0.26,-0.09595959595959598,0,-0.3
0.113918975,-0.51071,0.21,0.26,-0.09595959595959598,0,-0.3
-0.0053497404000000005,-0.51071,0.21,0.26,-0.09595959595959598,0,-0.3
-0.0053497404000000005,0.0,0.21,0.26,0.0,0,-0.2
-0.0053497404000000005,0.0,0.21,0.26,-0.25,0,-0.2
0.28902107,0.0,0.21,0.26,-0.25,0,-0.2
0.37148276,0.0,0.11,0.09,-0.25,0,-0.3
0.21225728,0.0,0.11,0.09,-0.25,0,-0.1
0.0051528886,0.0,0.11,0.09,-0.25,0,0.0
0.0051528886,0.0,0.12,0.14,-0.25,0,0.0
0.34624007,0.0,0.12,0.14,-0.25,0,0.0
-0.15475668,0.0,0.16,0.06,-0.25,0,0.0
0.19851147,0.0,0.16,0.06,-0.25,0,0.0
0.6667539000000001,0.0,0.16,0.06,-0.25,0,0.0
0.6667539000000001,0.0,0.16,0.06,-0.8,0,0.0
0.33428857,0.0,0.16,0.06,-0.8,0,0.0
0.33428857,-0.7938149999999999,0.16,0.06,-0.8,0,0.1
0.33428857,-0.7938149999999999,0.21,0.24,-0.8,0,0.1
-0.13324217,-0.7938149999999999,0.21,0.24,-0.8,0,0.1
-0.2450985,-0.7938149999999999,0.21,0.24,-0.8,0,0.2
0.25305235,-0.7938149999999999,0.21,0.24,-0.8,0,0.2
0.25305235,-0.7938149999999999,0.21,0.24,0.0,0,0.2
0.25305235,0.0,0.21,0.24,0.0,0,0.0
0.27631488,0.0,0.13,0.12,0.0,0,0.0
0.31559965,0.0,0.13,0.12,0.04999999999999999,0,0.0
0.22749731,-0.716733,0.13,0.12,0.04999999999999999,0,0.0
0.3817227,-0.716733,0.13,0.12,0.04999999999999999,0,0.2
0.2975027,-0.716733,0.13,0.1,0.04999999999999999,0,-0.3
0.3250118,-0.716733,0.13,0.1,0.09285714285714283,0,-0.2
0.3250118,0.0,0.13,0.1,0.09285714285714283,0,-0.2
0.15208797,0.0,-0.07,-0.02,0.09285714285714283,0,-0.2
0.13798329,0.0,-0.07,-0.02,0.3,0,-0.5
0.13798329,-0.6135430000000001,-0.07,-0.02,0.3,0,-0.5
0.026385743,-0.6135430000000001,-0.07,-0.02,0.3,0,-0.5
0.12848952,-0.6135430000000001,-0.07,-0.02,0.3,0,-0.5
-0.118872434,-0.6135430000000001,-0.07,-0.02,0.3,0,-0.4
0.014041431000000002,-0.6135430000000001,-0.07,-0.02,0.3,0,0.0
0.023037456,-0.6135430000000001,0.06,-0.04,0.3,0,0.0
0.03601347,-0.6135430000000001,0.08,0.05,0.3,0,-0.2
-0.015442826000000003,-0.6135430000000001,0.08,0.05,0.0,0,-0.2
0.028747695,0.0,0.08,0.05,0.25,0,-0.1
0.028747695,-0.592044,0.08,0.05,0.25,0,-0.1
0.004482623,-0.592044,0.08,0.08,0.25,0,0.0
-0.06815832,-0.592044,0.18,0.01,0.25,0,0.0
-0.05711262,-0.592044,0.16,0.11,0.25,0,-0.2
-0.12126325,-0.592044,0.07,0.06,0.25,0,-0.2
-0.053910807000000005,-0.592044,0.13,0.01,0.25,0,-0.3
-0.03923907,0.0,0.13,0.01,0.25,0,0.0
0.0014074519,0.0,0.14,0.08,0.25,0,0.1
0.040826697,0.0,0.08,0.1,0.25,0,0.1
0.040826697,0.0,0.08,0.1,0.0,0,0.1
0.10250074,0.0,0.13,0.16,0.0,0,0.2
-0.014978938,0.0,0.13,0.16,0.0,0,0.2
0.11031759,0.0,0.02,0.01,0.0,0,-0.2
-0.03395225,0.0,0.02,0.01,0.0,0,-0.3
0.07167046,0.0,0.02,0.01,0.0,0,-0.3
0.07167046,0.0,0.02,0.01,-0.6,0,-0.3
-0.04076671,0.0,0.02,0.01,-0.6,0,-0.3
-0.020415545,0.0,0.05,0.05,-0.6,0,-0.3
0.07128048,0.0,0.05,0.05,0.5166666666666666,0,-0.3
0.06338587400000001,0.0,0.03,0.18,0.5166666666666666,0,-0.2
-0.038294017,0.0,0.03,0.18,0.5166666666666666,0,-0.2
0.09083606,0.0,0.03,0.18,0.5166666666666666,0,0.0
0.17983535,0.0,0.11,-0.07,0.5166666666666666,0,0.0
0.036568914,0.0,0.11,-0.07,0.5166666666666666,0,0.2
0.017875604,0.0,0.02,-0.15,0.5166666666666666,0,0.0
-0.01660961,0.0,0.1,0.15,0.5166666666666666,0,-0.4
0.2542197,0.0,0.1,0.15,0.5166666666666666,0,0.0
0.2542197,0.0,-0.01,0.01,0.5166666666666666,0,-0.4
0.49124762,0.0,-0.01,0.01,0.5166666666666666,0,-0.3
0.49124762,0.0,-0.01,0.01,0.2,0,-0.4
0.4489496,0.0,0.11,0.04,0.2,0,-0.4
-0.12746386,0.0,0.11,0.04,0.2,0,-0.3
-0.15975828,0.0,0.15,0.11,0.2,0,-0.3
-0.05573427,0.0,0.15,0.11,0.2,0,-0.3
0.007903837,0.0,0.15,0.11,0.09523809523809523,0,-0.5
-0.10310227,0.0,0.15,0.11,0.09523809523809523,0,-0.5
-0.10310227,0.0,0.1,0.18,0.09523809523809523,0,-0.5
-0.145489,0.0,0.1,0.18,0.0,0,-0.7
-0.038634673,0.0,0.1,0.18,0.0,0,-1.0
-0.038634673,-0.518193,0.1,0.18,0.0,0,-1.0
0.09278637,-0.518193,0.1,0.18,0.0,0,-1.0
-0.044518568,-0.518193,0.1,0.18,0.0,0,-0.7
-0.044518568,-0.518193,0.1,0.18,-0.2,0,-0.6
-0.07305618,-0.5300239999999999,0.1,0.18,-0.2,0,-0.5
0.17063686,-0.5300239999999999,0.1,0.18,-0.2,0,-0.5
0.19546777,-0.5300239999999999,-0.04,-0.07,-0.2,0,-0.6
0.3366145,-0.5300239999999999,-0.04,-0.07,-0.2,0,-0.8
0.4570291,-0.5300239999999999,-0.04,-0.07,-0.2,0,-0.8
0.28075442,-0.5300239999999999,-0.04,-0.07,-0.2,0,-0.7
0.28075442,-0.5300239999999999,0.13,0.3,-0.2,0,-0.7
0.17200959,-0.5300239999999999,0.08,0.19,-0.2,0,-0.3
0.25401407,-0.5300239999999999,0.18,0.22,-0.2,0,-0.8
-0.011332609,-0.5300239999999999,0.18,0.22,-0.2,0,-0.8
0.111617066,-0.5300239999999999,0.18,0.22,-0.2,0,-0.4
0.111617066,-0.5300239999999999,0.07,0.12,-0.2,0,-0.4
0.2617495,-0.5300239999999999,0.07,0.12,-0.2,0,-0.4
0.2617495,-0.5300239999999999,0.07,0.12,-0.12323232323232325,0,-0.4
0.2617495,-0.574984,0.07,0.12,-0.12323232323232325,0,-0.6
-0.0034672283000000003,-0.574984,0.07,0.12,-0.12323232323232325,0,-0.6
0.13778332,-0.574984,0.07,0.12,-0.12323232323232325,0,-0.6
0.13778332,-0.574984,0.04,0.23,-0.12323232323232325,0,-0.6
-0.120812386,-0.574984,0.04,0.23,-0.12323232323232325,0,-0.6
0.21005805,-0.574984,0.04,0.23,-0.12323232323232325,0,-0.5
0.086253606,-0.574984,0.04,0.23,-0.12323232323232325,0,-0.5
-0.019687913,-0.574984,0.04,0.23,-0.12323232323232325,0,-0.5
-0.019687913,-0.574984,0.09,0.29,-0.12323232323232325,0,-0.2
0.13844371,-0.574984,0.09,0.29,-0.12323232323232325,0,0.0
0.13844371,-0.574984,0.17,0.16,-0.12323232323232325,0,0.0
0.13382065,-0.574984,0.14,0.4,-0.12323232323232325,0,0.0
-0.21130294,-0.574984,0.14,0.4,-0.12323232323232325,0,0.0
0.28335959999999993,-0.574984,0.14,0.4,-0.12323232323232325,0,0.0
0.14574853,-0.574984,0.14,0.4,-0.12323232323232325,0,0.0
-0.08316538,-0.574984,0.14,0.4,-0.12323232323232325,0,0.0
0.106007844,-0.574984,0.14,0.4,-0.12323232323232325,0,0.0
-0.050516598,-0.574984,0.14,0.4,-0.12323232323232325,0,0.0
0.04990306,-0.574984,0.14,0.4,-0.12323232323232325,0,0.0
0.40241987,-0.574984,0.14,0.4,-0.12323232323232325,0,-0.2
0.40241987,-0.574984,0.23,0.22,-0.12323232323232325,0,-0.2
0.25941154,-0.574984,0.23,0.22,-0.12323232323232325,0,-0.2
-0.015207045,-0.574984,0.23,0.22,-0.12323232323232325,0,-0.2
-0.015207045,-0.574984,0.13,0.18,-0.12323232323232325,0,-0.2
-0.01993712,-0.574984,0.13,0.09,-0.12323232323232325,0,-0.2
0.104659945,-0.574984,0.13,0.09,-0.12323232323232325,0,0.0
0.31949353,-0.574984,0.13,0.09,-0.12323232323232325,0,-0.2
0.17807552,-0.574984,0.13,0.09,-0.12323232323232325,0,-0.2
0.32497212,-0.574984,0.13,0.09,-0.12323232323232325,0,-0.2
0.43355012,-0.574984,0.13,0.09,-0.12323232323232325,0,-0.3
0.43355012,-0.574984,0.12,0.19,-0.12323232323232325,0,-0.3
0.39980608,-0.574984,0.25,0.26,-0.12323232323232325,0,-0.3
0.023055341,-0.574984,0.25,0.26,-0.12323232323232325,0,-0.4
0.1379289,-0.574984,0.25,0.26,-0.12323232323232325,0,-0.5
0.11716921,-0.574984,0.25,0.26,0.0,0,-0.6
0.08874479,0.601426,0.25,0.26,0.0,0,-0.6
-0.0040733367,0.601426,0.15,0.24,0.0,0,-0.5
0.11952445,0.601426,0.15,0.24,0.0,0,-0.4
0.19137526,0.601426,0.15,0.24,0.07766203703703703,0,-0.4
0.19137526,-0.524084,0.15,0.24,0.07766203703703703,0,-0.4
0.03429255,-0.524084,0.15,0.24,0.07766203703703703,0,-0.4
0.2243009,-0.524084,0.15,0.24,0.07766203703703703,0,-0.4
0.2243009,-0.524084,0.17,0.15,0.07766203703703703,0,-0.4
0.10285598,-0.524084,0.17,0.15,0.07766203703703703,0,-0.3
0.09714952,-0.524084,0.18,0.23,0.07766203703703703,0,-0.2
-0.017299913,-0.524084,0.18,0.23,0.07766203703703703,0,0.0
-0.019873738,-0.524084,0.1,0.08,0.07766203703703703,0,0.0
0.0037219264,-0.524084,-0.02,-0.24,0.07766203703703703,0,0.2
-0.0035611690000000007,-0.524084,0.1,0.06,0.07766203703703703,0,-0.3
-0.011061966,-0.524084,0.04,0.14,0.07766203703703703,0,-0.2
0.004540641,-0.524084,0.04,0.14,-0.1,0,-0.2
0.004540641,-0.8171510000000001,0.04,0.14,-0.1,0,-0.2
0.12865108,-0.8171510000000001,0.04,0.14,-0.1,0,-0.3
0.37423286,-0.8171510000000001,0.04,0.14,-0.1,0,-0.2
0.37423286,-0.8171510000000001,0.04,0.14,0.0,0,-0.3
0.37423286,0.0,0.04,0.14,0.0,0,-0.4
-0.11314128,0.0,0.04,0.14,0.0,0,-0.4
-0.11314128,0.0,-0.07,-0.12,0.0,0,-0.4
-0.17403954,0.0,-0.07,-0.12,-0.07777777777777779,0,-0.4
-0.10119484,0.0,0.05,0.07,-0.07777777777777779,0,-0.4
-0.10119484,0.0,0.05,0.07,-1.0,0,0.3
-0.0453692,0.0,0.19,0.18,-1.0,0,0.6
-0.11536278,0.0,0.19,0.18,0.0,0,0.5
-0.13201009,-0.647632,0.19,0.18,0.0,0,0.4
-0.13201009,-0.647632,0.14,0.18,0.0,0,0.4
0.06837703,-0.647632,0.14,0.18,0.0,0,0.4
0.06837703,0.0,0.14,0.18,0.0,0,0.0
0.12754387,0.0,0.16,0.09,0.0,0,0.3
-0.03190337,0.0,0.16,0.09,0.0,0,0.3
-0.004978452,0.0,0.09,0.0,0.0,0,0.3
-0.0313643,0.0,0.09,0.0,0.4166666666666667,0,0.3
-0.0132320225,0.0,0.09,0.0,0.0,0,0.3
0.013389997,0.0,0.22,0.12,0.0,0,0.3
-0.05613596,0.0,0.22,0.12,-0.0625,0,0.3
-0.06706399,0.0,0.22,0.12,-1.0,0,0.3
-0.0039850473,0.0,-0.08,-0.15,-1.0,0,0.2
0.47252867,0.8054899999999999,-0.07,0.05,1.0,1,0.7
0.58571744,0.8054899999999999,-0.07,0.05,1.0,1,0.0
0.58571744,0.8054899999999999,0.35,0.21,1.0,1,0.3
0.6926196,0.8054899999999999,0.35,0.21,1.0,1,0.3
0.6926196,0.8054899999999999,0.35,0.21,1.0,1,0.3
0.4899419,0.8054899999999999,0.35,0.21,1.0,1,0.3
0.4899419,0.8054899999999999,0.0,-0.12,1.0,1,0.3
0.029760394,0.8054899999999999,0.0,-0.12,1.0,1,0.0
0.029760394,0.0,0.0,-0.12,0.16,1,0.0
0.029760394,0.0,0.02,0.0,0.16,1,0.2
0.40035605,0.0,0.02,0.0,0.16,1,0.4
0.40035605,0.0,0.02,0.0,0.39,1,0.4
0.13948706,0.0,0.02,0.0,0.39,1,0.0
0.12734681,0.0,0.09,0.02,0.39,1,0.5
-0.008110911,0.0,0.09,0.02,0.39,1,0.4
-0.07355592,0.0,0.11,0.13,0.39,1,0.5
-0.07355592,0.0,0.11,0.13,0.39,1,0.0
0.05492268,0.0,0.11,0.13,0.39,1,0.0
0.35654625,0.0,0.11,0.13,0.39,1,0.0
0.464973,0.0,0.11,0.13,0.39,1,0.0
0.464973,0.0,0.11,0.13,0.39,1,0.0
0.464973,0.0,0.11,0.13,0.39,1,-0.2
0.43546915,0.0,0.17,0.1,0.39,1,-0.2
0.59714127,0.0,0.17,0.1,0.39,1,-0.2
0.59714127,0.0,0.17,0.1,0.39,1,-0.2
0.5510776999999999,0.0,0.22,0.02,0.39,1,-0.2
-0.093541354,0.0,0.22,0.02,0.39,1,-0.1
0.06505359,0.0,0.22,0.02,0.39,1,-0.3
0.06505359,0.0,0.18,0.01,0.39,1,-0.3
-0.058699474,0.0,0.18,0.01,0.39,1,-0.3
-0.058699474,0.0,0.22,0.07,0.39,1,-0.3
0.17567316,0.0,0.22,0.07,0.39,1,-0.3
-0.24039748,0.0,0.22,0.07,0.39,1,-0.2
-0.24039748,0.0,0.21,0.16,0.39,1,-0.2
-0.09691127,0.0,0.21,0.16,0.39,1,-0.1
-0.09691127,0.0,0.21,0.16,0.13327272727272724,1,0.0
0.08116356,0.0,0.21,0.16,0.13327272727272724,1,-0.3
0.08116356,0.0,0.4,0.13,0.13327272727272724,1,-0.2
0.39794594,0.0,0.4,0.13,0.13327272727272724,1,0.0
0.39794594,0.0,0.16,-0.29,0.13327272727272724,1,0.0
0.18489584,0.0,0.16,-0.29,0.13327272727272724,1,0.0
0.12260607,0.0,0.28,0.11,0.13327272727272724,1,0.0
-0.0023268536,0.0,0.28,0.11,0.13327272727272724,1,0.0
-0.0023268536,0.0,0.19,0.03,0.13327272727272724,1,-0.2
0.13180849,0.0,0.19,0.03,0.13327272727272724,1,0.0
-0.016609833,0.0,0.19,0.03,0.13327272727272724,1,-0.3
-0.08141726,0.0,0.11,-0.03,0.13327272727272724,1,-0.2
-0.0011873208,0.0,0.34,0.21,0.13327272727272724,1,0.0
0.16203329,0.0,0.34,0.21,0.13327272727272724,1,0.0
0.16203329,0.0,0.45,0.12,0.13327272727272724,1,0.0
0.13258877,0.0,0.45,0.12,0.15,1,0.0
0.36980185,0.0,0.45,0.12,0.15,1,0.0
0.019311845,0.0,0.45,0.12,0.15,1,0.0
0.13448888,0.0,0.45,0.12,0.15,1,0.2
0.13448888,0.0,0.33,0.04,0.15,1,0.2
-0.010510325,0.0,0.33,0.04,0.15,1,0.2
-0.015855886,0.0,0.45,0.44,0.15,1,0.4
0.10585183,0.0,0.45,0.44,0.15,1,0.4
0.4009425,0.0,0.45,0.44,0.15,1,0.4
0.40086943,0.0,0.21,0.05,0.15,1,0.4
0.39339113,0.0,0.24,0.39,0.15,1,0.4
0.2248451,0.0,0.24,0.39,0.15,1,0.4
0.2248451,-0.531567,0.24,0.39,-0.25357142857142856,1,0.4
-0.070691794,-0.531567,0.24,0.39,-0.25357142857142856,1,0.4
-0.070691794,-0.531567,0.14,0.04,-0.25357142857142856,1,0.4
0.05868792,-0.531567,0.14,0.04,-0.25357142857142856,1,0.4
-0.060273744,-0.531567,0.14,0.04,-0.25357142857142856,1,0.4
-0.060273744,-0.531567,0.3,0.07,-0.25357142857142856,1,0.5
-0.111803904,-0.531567,0.27,0.17,-0.25357142857142856,1,0.5
-0.07356069999999999,-0.531567,0.37,0.26,-0.25357142857142856,1,0.3
0.05131277,-0.531567,0.37,0.26,-0.25357142857142856,1,0.3
0.13993967,-0.531567,0.24,0.27,-0.25357142857142856,1,0.3
-0.09989178,-0.531567,0.24,0.27,-0.25357142857142856,1,0.3
0.19475104,-0.531567,0.24,0.27,-0.25357142857142856,1,0.5
0.017282747,-0.531567,0.24,0.27,-0.25357142857142856,1,0.4
0.017282747,-0.531567,0.24,0.27,-0.25357142857142856,1,0.0
0.24194571,-0.531567,0.24,0.27,-0.25357142857142856,1,0.0
0.5039903,-0.531567,0.43,0.23,-0.25357142857142856,1,-0.3
0.5039903,-0.531567,0.43,0.23,-0.25357142857142856,1,-0.2
0.46619275,-0.531567,0.43,0.23,-0.25357142857142856,1,-0.2
0.17811605,-0.531567,0.43,0.23,-0.25357142857142856,1,-0.2
0.17811605,-0.531567,0.43,0.23,-0.25357142857142856,1,0.0
0.17811605,-0.531567,0.16,0.16,-0.25357142857142856,1,0.0
0.44585958,-0.531567,0.16,0.16,-0.25357142857142856,1,0.1
-0.21783963,-0.531567,0.16,0.16,-0.25357142857142856,1,0.1
0.22630444,-0.531567,0.16,0.16,-0.25357142857142856,1,0.2
0.10293036,-0.531567,0.16,0.16,-0.25357142857142856,1,0.3
0.10293036,-0.560125,0.16,0.16,0.25,1,0.4
0.26458278,-0.560125,0.16,0.16,0.25,1,0.4
0.1474332,-0.560125,0.16,0.16,0.25,1,0.4
0.1474332,-0.560125,0.26,0.11,0.25,1,0.4
0.3067625,-0.560125,0.26,0.11,0.25,1,0.4
0.3067625,-0.560125,0.18,0.02,0.25,1,0.5
0.19643706,-0.560125,0.18,0.02,0.25,1,0.4
0.35109046,-0.560125,0.18,0.02,0.25,1,0.3
0.27007800000000004,-0.560125,0.18,0.02,0.25,1,0.0
0.4535079000000001,-0.560125,0.18,0.02,0.25,1,0.0
0.4535079000000001,-0.560125,0.28,0.15,0.25,1,0.2
0.4535079000000001,-0.560125,0.28,0.15,0.25,1,0.3
0.15109304,-0.560125,0.28,0.15,0.25,1,0.3
0.26244196,-0.560125,0.28,0.15,0.25,1,0.4
0.2769401,-0.560125,0.28,0.15,0.25,1,-0.2
0.2769401,-0.560125,0.18,0.22,0.25,1,0.0
0.4954919,-0.560125,0.18,0.22,0.25,1,-0.2
0.013439648,-0.560125,0.18,0.22,0.25,1,-0.2
0.013439648,-0.560125,0.18,0.22,0.25,1,-0.2
0.25010574,-0.560125,0.18,0.22,0.25,1,-0.2
0.25010574,-0.560125,0.09,0.03,0.25,1,-0.1
0.70861864,-0.560125,0.09,0.03,0.25,1,-0.1
0.7308698,-0.560125,0.09,0.03,0.25,1,-0.2
0.52022696,-0.560125,0.09,0.03,0.25,1,-0.2
0.07316536,-0.560125,0.09,0.03,0.25,1,-0.1
0.36619806,-0.560125,0.09,0.03,0.25,1,0.0
0.10930741,-0.560125,0.09,0.03,0.25,1,-0.2
0.10930741,0.525119,0.09,0.03,1.0,1,-0.3
0.26435885,0.525119,0.09,0.03,1.0,1,0.0
0.028461244,0.525119,0.09,0.03,1.0,1,-0.2
-0.23807392,0.525119,0.09,0.03,1.0,1,0.0
-0.23807392,0.525119,0.18,0.11,1.0,1,0.0
0.024145558,0.525119,0.18,0.11,1.0,1,0.0
0.09669458,0.525119,0.19,0.15,1.0,1,-0.2
0.46807155,0.525119,0.19,0.15,1.0,1,-0.1
0.5014546,0.525119,0.28,0.0,1.0,1,0.0
0.26505548,0.525119,0.28,0.0,1.0,1,0.0
0.22380984,0.525119,0.13,-0.03,1.0,1,-0.3
0.35155636,0.525119,0.13,-0.03,1.0,1,-0.3
0.46055663,0.525119,0.13,-0.03,1.0,1,-0.4
0.15466416,0.525119,0.13,-0.03,1.0,1,-0.3
0.15466416,0.525119,0.32,-0.2,1.0,1,0.0
0.3973812,0.525119,0.32,-0.2,1.0,1,0.0
0.22262270000000006,0.525119,0.32,-0.2,1.0,1,0.0
0.22262270000000006,0.525119,0.28,0.05,1.0,1,0.0
0.057715386,0.525119,0.28,0.05,1.0,1,-0.2
0.057715386,0.525119,0.09,-0.08,1.0,1,-0.2
0.22403896,0.525119,0.09,-0.08,1.0,1,-0.2
0.42520696,0.525119,0.09,-0.08,1.0,1,-0.2
0.42520696,0.525119,0.21,0.15,1.0,1,-0.2
0.20425782,0.525119,0.21,0.15,1.0,1,-0.2
0.081092216,0.525119,0.21,0.15,1.0,1,-0.4
0.00030837208,0.525119,-0.15,-0.01,1.0,1,-0.4
0.00030837208,0.880806,-0.15,-0.01,1.0,1,-0.4
-0.009452447,0.880806,0.12,0.13,1.0,1,-0.5
0.27035296,0.880806,0.12,0.13,1.0,1,-0.5
0.4409394,0.880806,0.12,0.13,1.0,1,-0.5
0.4409394,0.880806,0.22,0.31,1.0,1,-0.4
0.4409394,0.880806,0.22,0.31,1.0,1,-0.4
0.68378025,0.880806,0.22,0.31,1.0,1,-0.4
0.68378025,-0.5283869999999999,0.22,0.31,-0.15,1,-0.3
0.48997235,-0.5283869999999999,0.22,0.31,-0.15,1,0.0
0.48997235,-0.5283869999999999,0.32,0.12,-0.15,1,0.0
0.08240155,-0.5283869999999999,0.32,0.12,-0.15,1,0.0
0.08240155,-0.5283869999999999,0.32,0.12,-0.15,1,0.0
0.22119905,-0.5283869999999999,0.32,0.12,-0.15,1,0.0
0.34629261,-0.5283869999999999,0.32,0.12,-0.15,1,0.2
0.18027408,-0.5283869999999999,0.32,0.12,-0.15,1,0.2
0.18027408,-0.5283869999999999,0.2,-0.27,-0.15,1,0.2
0.35864359999999995,-0.5283869999999999,0.2,-0.27,-0.15,1,0.2
0.47558317,-0.5283869999999999,0.2,-0.27,-0.15,1,0.0
0.47558317,-0.5283869999999999,0.2,0.27,-0.15,1,0.0
0.61221766,-0.5283869999999999,0.2,0.27,-0.15,1,0.1
0.61221766,-0.5283869999999999,0.46,0.12,-0.15,1,0.0
0.39564934,-0.5283869999999999,0.46,0.12,-0.15,1,0.2
0.39559984,-0.5283869999999999,0.37,0.04,-0.15,1,0.2
0.28031123,-0.5283869999999999,0.37,0.04,-0.15,1,0.0
0.29174346,-0.5283869999999999,0.3,0.26,-0.15,1,0.0
0.32240915,-0.5283869999999999,0.32,0.12,-0.15,1,0.0
0.45319688,-0.5283869999999999,0.32,0.12,-0.15,1,0.0
0.24866976,-0.5283869999999999,0.32,0.12,-0.15,1,0.0
0.24866976,-0.5283869999999999,0.21,0.01,-0.15,1,0.0
0.40756944,-0.5283869999999999,0.21,0.01,-0.15,1,0.0
0.40756944,-0.5283869999999999,0.21,0.01,-0.15,1,0.0
0.20639543,-0.5283869999999999,0.21,0.01,-0.15,1,0.0
0.34091976,-0.5283869999999999,0.21,0.01,-0.15,1,0.0
0.34091976,-0.5283869999999999,0.04,0.21,-0.15,1,0.0
0.34091976,-0.571013,0.04,0.21,0.0,1,0.0
0.16752908,-0.571013,0.04,0.21,0.0,1,0.0
0.16752908,-0.571013,0.11,-0.09,0.0,1,0.0
0.16752908,-0.571013,0.11,-0.09,0.0,1,0.0
0.16305771,-0.587024,0.11,-0.09,0.2,1,0.1
0.17366475,-0.587024,0.31,0.13,0.2,1,0.2
0.26020223,-0.587024,0.23,0.03,0.2,1,0.2
0.15710837,-0.587024,0.23,0.03,0.2,1,0.3
0.15710837,-0.587024,0.26,-0.02,0.2,1,0.3
0.31176448,-0.587024,0.26,-0.02,0.2,1,0.3
0.31176448,-0.587024,0.6,0.62,0.2,1,0.3
0.108100906,-0.587024,0.6,0.62,0.2,1,0.3
0.108100906,-0.587024,0.13,0.17,0.2,1,0.3
0.25978670000000004,-0.587024,0.13,0.17,0.2,1,0.0
0.25978670000000004,-0.587024,0.28,0.09,0.2,1,0.2
0.31515723,-0.587024,0.19,0.23,0.2,1,0.0
0.027591761,-0.587024,0.19,0.23,0.2,1,0.0
0.027591761,-0.526421,0.19,0.23,0.0,1,0.0
0.23095511,-0.526421,0.19,0.23,0.0,1,0.0
0.45531496,-0.526421,0.19,0.23,0.0,1,-0.2
0.45531496,-0.526421,0.27,0.15,0.0,1,-0.3
-0.022391185,-0.526421,0.27,0.15,0.0,1,-0.3
0.7064694,-0.526421,0.27,0.15,0.0,1,-0.3
0.5928826,-0.526421,0.27,0.15,0.0,1,-0.3
0.4562646,-0.526421,0.27,0.15,0.0,1,-0.3
0.4562646,-0.526421,0.27,0.15,0.0,1,-0.3
0.6432193,-0.526421,0.27,0.15,0.0,1,-0.3
-0.109552816,-0.526421,0.27,0.15,0.0,1,-0.3
-0.109552816,-0.526421,0.27,0.15,0.0,1,-0.3
-0.109552816,-0.526421,0.27,0.15,0.0,1,-0.3
0.4770925999999999,-0.526421,0.27,0.15,0.0,1,-0.3
0.4770925999999999,-0.526421,0.15,-0.02,0.0,1,-0.3
0.45205402,-0.526421,0.15,-0.02,0.0,1,-0.4
0.3174431,-0.526421,0.15,-0.02,0.0,1,-0.5
0.47194818,-0.526421,0.15,-0.02,0.0,1,-0.5
0.38684377,-0.526421,0.27,0.2,0.0,1,-0.4
0.28343442,-0.526421,0.27,0.2,0.0,1,-0.4
0.38413596,-0.526421,0.05,-0.2,0.0,1,-0.4
0.38413596,-0.526421,0.05,-0.2,0.0,1,-0.4
0.23494644,-0.526421,0.05,-0.2,0.0,1,-0.5
0.24959978,-0.526421,0.05,-0.06,0.0,1,-0.5
0.32112378,-0.526421,0.05,-0.06,0.0,1,-0.4
0.20416942,-0.526421,0.05,-0.06,0.0,1,-0.3
0.2329081,-0.526421,0.05,0.03,0.0,1,-0.3
0.21399036,-0.526421,0.08,0.16,0.0,1,-0.2
0.21399036,-0.526421,0.08,0.16,0.0,1,0.0
0.34707567,-0.526421,0.08,0.16,0.0,1,0.0
-0.008525073499999999,-0.526421,0.08,0.16,0.0,1,0.2
-0.008525073499999999,-0.526421,0.08,0.16,0.0,1,0.2
-0.06186159,-0.526421,0.17,0.05,0.0,1,0.0
0.11010452,-0.526421,0.17,0.05,0.0,1,0.0
0.13097858,-0.526421,0.11,-0.09,0.0,1,0.0
-0.07098016,-0.526421,0.11,-0.09,0.0,1,0.0
0.3322573,-0.526421,0.11,-0.09,0.0,1,-0.3
0.3322573,-0.526421,0.32,0.11,0.0,1,-0.2
0.3322573,-0.526421,0.32,0.11,0.0,1,0.0
0.21849309,-0.526421,0.32,0.11,0.0,1,0.0
0.21849309,-0.526421,0.1,0.04,0.0,1,0.0
0.23849814,-0.526421,0.1,0.04,0.0,1,0.0
0.23849814,-0.526421,0.22,-0.03,0.0,1,0.0
0.25234848,-0.526421,0.27,0.18,0.0,1,0.0
-0.014137514,-0.526421,0.27,0.18,0.0,1,0.0
0.062431358,-0.8087810000000001,0.27,0.18,-0.6999999999999998,1,0.0
0.26390976,-0.8087810000000001,0.27,0.18,-0.6999999999999998,1,0.0
0.45978072,-0.8087810000000001,0.27,0.18,-0.6999999999999998,1,0.0
0.45978072,-0.8087810000000001,0.32,0.18,-0.6999999999999998,1,0.0
0.355461,-0.8087810000000001,0.32,0.18,-0.6999999999999998,1,0.0
0.17107098,-0.8087810000000001,0.32,0.18,-0.6999999999999998,1,0.0
0.2212816,-0.8087810000000001,0.12,0.06,-0.6999999999999998,1,0.0
-0.12730342,-0.8087810000000001,0.12,0.06,-0.6999999999999998,1,0.0
0.07035053,-0.8087810000000001,0.12,0.06,-0.6999999999999998,1,0.0
0.23775302,-0.8087810000000001,0.12,0.06,-0.6999999999999998,1,0.0
0.23775302,-0.8087810000000001,0.44,0.2,-0.6999999999999998,1,0.0
0.1253488,-0.8087810000000001,0.44,0.2,-0.6999999999999998,1,0.0
0.07678711,0.5286109999999999,0.44,0.2,0.3422222222222222,1,0.0
-0.0043555090000000005,0.5286109999999999,0.24,0.17,0.3422222222222222,1,0.0
0.17456037,0.5286109999999999,0.24,0.17,0.3422222222222222,1,0.0
0.17456037,0.5286109999999999,0.31,0.27,0.3422222222222222,1,0.0
0.29969966,0.5286109999999999,0.31,0.27,0.3422222222222222,1,0.2
0.29380623,0.5286109999999999,0.25,0.01,0.3422222222222222,1,0.2
0.22917993,0.5286109999999999,0.22,0.03,0.3422222222222222,1,0.0
0.38282126,0.5286109999999999,0.22,0.03,0.3422222222222222,1,0.2
0.34832440000000003,0.5286109999999999,0.14,-0.06,0.3422222222222222,1,0.3
0.39077044,0,0.14,-0.06,0,1,0.5
0.5138952999999999,0,0,0,0,1,0.5
0.5843359,0.921229,0.24,-0.04,0.75,0,0.1
0.5843359,0.921229,0.23,-0.01,0.75,0,0.1
0.5370376,0.0,0.23,-0.01,0.0,0,0.3
0.20617875,0.0,0.23,-0.01,0.0,0,0.4
0.66564333,0.0,0.23,-0.01,0.0,0,0.4
-0.015466913999999997,0.0,0.23,-0.01,0.0,0,0.4
-0.015466913999999997,0.0,0.37,0.36,0.0,0,0.3
0.21550454,0.0,0.37,0.36,0.0,0,0.2
0.39381915,0.0,0.37,0.36,0.0,0,0.2
0.2282278,0.0,0.37,0.36,0.0,0,0.2
0.27257943,0.0,0.09,-0.15,0.0,0,0.3
0.49104023,0.0,0.09,-0.15,0.0,0,0.3
0.49104023,0.0,0.31,0.0,0.0,0,0.3
0.44701663,0.0,0.87,0.28,0.0,0,0.3
0.44701663,0.0,0.87,0.28,-0.05,0,0.2
0.32810843,0.0,0.87,0.28,-0.05,0,0.0
0.3230805,0.0,0.87,0.28,0.0,0,0.0
0.438837,0.0,0.87,0.28,0.0,0,0.0
0.438837,0.0,0.24,-0.01,0.0,0,0.0
0.438837,0.0,0.33,0.23,0.0,0,0.0
0.24473332,0.0,0.33,0.23,0.0,0,0.0
0.24473332,0.0,0.33,0.23,0.2,0,0.0
0.40761092,0.0,0.33,0.23,0.2,0,0.0
0.40761092,0.695048,0.33,0.23,0.16166666666666668,0,0.0
0.45344102,0.695048,0.34,-0.05,0.16166666666666668,0,0.0
0.17795591,0.695048,0.34,-0.05,0.16166666666666668,0,0.0
0.17795591,0.695048,-0.05,-0.11,0.16166666666666668,0,0.0
0.30198747,0.695048,-0.05,-0.11,0.16166666666666668,0,0.0
0.51842177,0.695048,-0.05,-0.11,0.16166666666666668,0,0.2
0.51842177,0.695048,0.24,-0.04,0.16166666666666668,0,0.2
0.47737253,0.695048,0.15,-0.12,0.16166666666666668,0,0.1
0.28702855,0.695048,0.15,-0.12,0.16166666666666668,0,0.0
0.28702855,0.695048,0.07,-0.14,0.16166666666666668,0,0.0
0.4124714,0.695048,0.07,-0.14,0.16166666666666668,0,0.0
0.44631034,0.695048,0.39,0.13,0.16166666666666668,0,0.0
0.40921095,0.695048,0.4,0.06,0.16166666666666668,0,0.2
0.40921095,0.695048,0.4,0.06,0.16166666666666668,0,0.2
0.46103394,0.695048,0.4,0.06,0.16166666666666668,0,0.4
0.21847853,0.695048,0.4,0.06,0.16166666666666668,0,0.4
0.3864695,0.695048,0.4,0.06,0.16166666666666668,0,0.4
0.3864695,0.695048,0.23,-0.02,0.16166666666666668,0,0.3
0.4174469,0.695048,0.48,0.24,0.16166666666666668,0,0.3
0.4174469,0.0,0.48,0.24,0.0,0,0.2
0.17940342,0.0,0.48,0.24,0.0,0,0.2
-0.0821605,0.0,0.48,0.24,0.0,0,0.2
0.22903258,0.0,0.48,0.24,0.0,0,0.0
0.22903258,0.0,0.48,0.24,0.0,0,0.0
0.53621566,0.0,0.48,0.24,0.0,0,0.0
0.53621566,0.0,0.03,-0.26,-0.03124999999999997,0,0.0
0.3357524000000001,0.0,0.03,-0.26,-0.03124999999999997,0,0.4
0.3357524000000001,0.0,0.03,-0.26,-0.03124999999999997,0,0.4
0.4715921,0.0,0.03,-0.26,-0.03124999999999997,0,0.4
0.4715921,0.0,0.54,0.06,-0.03124999999999997,0,0.2
0.3524243,0.0,0.54,0.06,-0.03124999999999997,0,0.3
0.3524243,0.0,0.25,-0.08,-0.03124999999999997,0,0.3
0.21514946,0.0,0.25,-0.08,-0.03124999999999997,0,0.3
0.31235525,0.0,0.54,0.13,-0.03124999999999997,0,0.3
-0.051484488,0.0,0.54,0.13,-0.03124999999999997,0,0.0
-0.051484488,0.0,0.54,0.13,-0.03124999999999997,0,0.0
0.07232565,0.0,0.54,0.13,-0.03124999999999997,0,0.0
0.07232565,0.0,0.47,0.09,-0.03124999999999997,0,0.2
0.5764699000000001,0.0,0.47,0.09,-0.03124999999999997,0,0.3
0.5537748,0.0,0.47,0.09,-0.03124999999999997,0,0.3
0.5537748,0.0,0.58,0.06,-0.03124999999999997,0,0.0
0.5537748,0.0,0.58,0.06,-0.03124999999999997,0,0.0
0.50599706,0.0,0.38,-0.03,-0.03124999999999997,0,0.0
0.31929508,0.0,0.38,-0.03,-0.03124999999999997,0,0.3
0.48022658,0.0,0.38,-0.03,-0.03124999999999997,0,0.3
0.48022658,0.0,0.38,-0.03,0.5,0,0.4
0.51992303,0.0,0.38,-0.03,0.5,0,0.4
0.51992303,0.0,0.21,-0.14,0.5,0,0.3
0.4911974,0.0,0.21,-0.14,0.5,0,0.3
0.300833,0.0,0.21,-0.14,0.5,0,0.3
0.7265491999999999,0.0,0.21,-0.14,0.5,0,0.3
0.7265491999999999,0.0,0.21,-0.14,0.05000000000000002,0,0.3
0.70098555,0.0,0.21,-0.14,0.05000000000000002,0,0.3
0.5404545000000001,0.0,0.21,-0.14,0.05000000000000002,0,0.3
0.5404545000000001,0.0,0.31,-0.15,0.05000000000000002,0,0.0
0.04658582,0.0,0.31,-0.15,0.05000000000000002,0,0.3
0.23845112,0.0,0.31,-0.15,0.05000000000000002,0,0.3
0.3114296,0.0,0.4,0.05,0.05000000000000002,0,0.5
0.3472567,0.0,0.04,-0.32,0.05000000000000002,0,0.4
0.15803763,0.0,0.04,-0.32,0.05000000000000002,0,0.3
0.099286504,-0.526668,0.04,-0.32,0.05000000000000002,0,0.2
0.13176078,-0.526668,0.37,0.06,0.05000000000000002,0,0.6
0.5516951999999999,-0.526668,0.37,0.06,0.05000000000000002,0,0.2
0.42595935,-0.526668,0.37,0.06,0.05000000000000002,0,0.0
0.42595935,-0.526668,0.06,-0.21,0.05000000000000002,0,0.3
0.32569703,-0.526668,0.06,-0.21,0.05000000000000002,0,0.3
0.32569703,0.0,0.06,-0.21,-0.18750000000000006,0,0.3
0.26559540000000004,0.0,0.06,-0.21,-0.18750000000000006,0,0.3
0.68187606,0.0,0.06,-0.21,-0.18750000000000006,0,0.3
0.68187606,0.0,0.13,-0.22,-0.18750000000000006,0,0.3
0.4607198,0.0,0.13,-0.22,-0.18750000000000006,0,0.3
0.4607198,0.0,0.13,-0.22,-0.18750000000000006,0,0.3
0.4809739000000001,-0.5620069999999999,0.13,-0.22,0.3,0,0.3
0.44370535,-0.5620069999999999,0.82,0.74,0.3,0,0.4
0.42235124,-0.5620069999999999,0.38,0.04,0.3,0,0.5
0.5759625,-0.5620069999999999,0.38,0.04,0.3,0,0.6
0.5759625,-0.5620069999999999,0.43,0.52,0.3,0,0.6
0.51421255,-0.5620069999999999,0.38,0.07,0.3,0,0.9
0.33513305,-0.5620069999999999,0.38,0.07,0.3,0,0.7
0.33513305,-0.5620069999999999,0.62,0.07,0.3,0,0.7
-0.044692397,-0.5620069999999999,0.62,0.07,0.3,0,0.7
0.2981512,-0.5620069999999999,0.62,0.07,0.3,0,0.8
0.2981512,-0.6474989999999999,0.62,0.07,-0.6999999999999998,0,0.8
0.15032902,-0.6474989999999999,0.62,0.07,-0.6999999999999998,0,0.8
0.56374645,-0.6474989999999999,0.62,0.07,-0.6999999999999998,0,0.8
0.56374645,-0.6474989999999999,0.29,0.03,-0.6999999999999998,0,0.8
0.56374645,-0.6474989999999999,0.29,0.03,-0.6999999999999998,0,0.9
0.4634795,-0.6474989999999999,0.29,0.03,-0.6999999999999998,0,0.9
0.4634795,-0.6474989999999999,0.29,0.0,-0.6999999999999998,0,0.9
0.21514449,-0.6474989999999999,0.29,0.0,-0.6999999999999998,0,1.0
0.282659,-0.6474989999999999,0.29,0.0,-0.6999999999999998,0,1.0
0.282659,-0.6474989999999999,0.39,0.11,-0.6999999999999998,0,0.5
0.282659,0.0,0.39,0.11,0.4,0,0.5
0.49967268,0.0,0.39,0.11,0.4,0,0.0
0.37426803,0.0,0.39,0.11,0.4,0,0.5
0.19741353,0.0,0.39,0.11,0.4,0,0.4
0.19741353,0.0,0.3,0.06,0.4,0,0.6
0.33004140000000004,0.0,0.3,0.06,0.4,0,0.2
0.3182403,0.0,0.15,-0.12,0.4,0,0.2
0.10496643,0.0,0.15,-0.12,0.4,0,0.2
0.10496643,0.0,0.15,-0.12,0.4,0,0.2
0.31023344,0.0,0.15,-0.12,0.4,0,0.3
0.31023344,0.0,0.59,0.04,0.4,0,0.4
0.24321926,0.0,0.59,0.04,0.4,0,0.5
0.24321926,0.0,0.44,0.17,0.4,0,0.5
0.24321926,0.0,0.44,0.17,0.0,0,0.4
0.18426625,0.0,0.44,0.04,0.0,0,0.4
3.7401915e-06,0.0,0.44,0.04,0.0,0,0.4
3.7401915e-06,0.0,0.44,0.04,-0.15000000000000002,0,0.4
-0.022015572,0.0,0.27,0.1,-0.15000000000000002,0,0.4
0.44932753,0.0,0.27,0.1,-0.15000000000000002,0,0.3
0.40798038,0.0,0.39,-0.06,-0.15000000000000002,0,0.5
0.40798038,0.0,0.39,-0.06,-0.15000000000000002,0,0.5
0.3831536,0.0,0.32,0.02,-0.15000000000000002,0,0.5
0.12120684,0.0,0.32,0.02,-0.15000000000000002,0,0.5
0.12120684,0.0,0.32,0.02,0.4,0,0.5
0.33903453,0.0,0.32,0.02,0.4,0,0.5
0.33903453,0.0,0.32,0.02,0.4,0,0.4
0.102181196,0.0,0.32,0.02,0.4,0,0.4
0.102181196,0.0,0.36,-0.08,0.4,0,0.4
0.13752717,0.0,0.72,0.38,0.4,0,0.4
0.35098377,0.0,0.72,0.38,0.4,0,0.4
0.35098377,0.0,0.41,0.04,0.4,0,0.4
0.14476949,0.0,0.41,0.04,0.4,0,0.4
0.14476949,0.0,0.37,0.15,0.4,0,0.4
0.07442239,0.0,0.17,-0.06,0.4,0,0.4
0.07442239,-0.667193,0.17,-0.06,-0.22380952380952385,0,0.2
0.147208,-0.667193,0.3,0.04,-0.22380952380952385,0,0.2
0.2106179,-0.667193,0.35,0.01,-0.22380952380952385,0,0.2
0.6552842,-0.667193,0.35,0.01,-0.22380952380952385,0,0.2
0.68350947,-0.667193,0.28,0.2,-0.22380952380952385,0,0.2
0.53616303,-0.667193,0.28,0.2,-0.22380952380952385,0,0.2
0.35771483,-0.667193,0.28,0.2,-0.22380952380952385,0,0.5
0.47992772,-0.667193,0.28,0.2,-0.22380952380952385,0,0.5
0.47992772,-0.667193,0.28,0.2,-0.22380952380952385,0,0.5
0.52686936,0.0,0.28,0.2,-0.22380952380952385,0,0.5
0.42459577,0.0,0.28,0.2,-0.22380952380952385,0,0.5
0.42459577,0.0,0.28,0.2,-0.22380952380952385,0,0.5
0.017474592,0.0,0.28,0.2,-0.22380952380952385,0,0.5
0.5001037,0.0,0.28,0.2,-0.22380952380952385,0,0.4
-0.2978858,0.0,0.28,0.2,-0.22380952380952385,0,0.4
-0.2978858,0.0,0.48,0.14,-0.22380952380952385,0,0.3
-0.2978858,0.0,0.48,0.14,-0.22380952380952385,0,0.3
0.46644258,0.0,0.48,0.14,-0.22380952380952385,0,0.3
0.46644258,0.0,0.15,-0.12,-0.22380952380952385,0,0.3
0.29106557,0.0,0.15,-0.12,-0.22380952380952385,0,0.4
0.29106557,0.0,0.15,-0.12,-0.22380952380952385,0,0.4
0.29106557,0.0,0.15,-0.12,-0.22380952380952385,0,0.4
0.49904615,0.0,0.15,-0.12,-0.22380952380952385,0,0.3
0.49904615,0.0,0.26,0.29,-0.22380952380952385,0,0.2
0.5180262,0.0,0.35,0.12,-0.22380952380952385,0,0.2
0.5279967,0.0,0.17,-0.04,-0.22380952380952385,0,0.2
0.44344845,0.0,0.17,-0.04,-0.22380952380952385,0,0.2
0.44344845,0.0,0.17,-0.04,0.0,0,0.3
0.48266298,0.0,0.46,0.17,0.0,0,0.3
0.39312735,0.0,0.19,-0.16,0.0,0,0.1
0.22295539,0.0,0.19,-0.16,0.0,0,0.2
0.32155997,0.0,0.22,-0.16,0.0,0,0.0
0.42885774,0.0,0.22,-0.16,0.0,0,0.0
0.2717194000000001,0.0,0.22,-0.16,0.0,0,-0.3
0.2717194000000001,0.0,0.41,0.06,0.0,0,-0.2
0.2717194000000001,0.0,0.41,0.06,-0.06000000000000001,0,-0.2
0.3977192,0.0,0.41,0.06,-0.06000000000000001,0,0.0
0.32374558,0.0,0.23,-0.0,-0.06000000000000001,0,-0.2
-0.18109925,0.0,0.23,-0.0,-0.06000000000000001,0,-0.2
0.28085488,0.0,0.23,-0.0,-0.06000000000000001,0,-0.3
0.28085488,0.0,0.23,-0.0,-0.06000000000000001,0,-0.4
0.34770152,0.0,-0.09,-0.05,-0.06000000000000001,0,-0.4
0.5407476,0.0,-0.09,-0.05,-0.06000000000000001,0,-0.4
0.70449907,0.0,-0.09,-0.05,-0.06000000000000001,0,-0.3
0.70449907,0.0,-0.09,-0.05,-0.06000000000000001,0,-0.2
0.70449907,0.0,0.49,0.01,-0.06000000000000001,0,-0.3
0.44907928,0.0,0.49,0.01,-0.06000000000000001,0,-0.3
0.5172709,0.0,0.2,-0.05,-0.06000000000000001,0,-0.5
0.4626771,0.0,0.34,0.08,-0.06000000000000001,0,-0.6
0.39485675,0.0,0.2,0.06,-0.06000000000000001,0,-0.3
0.26684147,0.0,0.2,0.06,-0.06000000000000001,0,-0.2
0.5111489,0.0,0.2,0.06,-0.06000000000000001,0,0.3
0.5111489,0.0,0.31,0.05,-0.06000000000000001,0,0.3
0.49717277,0.0,0.31,0.05,-0.4653846153846153,0,0.3
0.49717277,0.0,0.31,0.05,-0.4653846153846153,0,0.3
0.23896256,0.0,0.31,0.05,-0.4653846153846153,0,0.3
0.23896256,0.0,0.02,-0.09,-0.4653846153846153,0,0.3
0.67475367,0.0,0.02,-0.09,-0.4653846153846153,0,0.3
0.57516766,0.0,0.02,-0.09,-0.4653846153846153,0,0.4
0.42391,0.0,0.02,-0.09,-0.4653846153846153,0,0.4
0.534003,0.0,0.02,-0.09,-0.4653846153846153,0,0.5
0.14851135,0.0,0.02,-0.09,-0.4653846153846153,0,0.4
0.14851135,0.0,0.34,0.11,-0.4653846153846153,0,0.0
0.14851135,-0.619326,0.34,0.11,-0.4653846153846153,0,0.3
0.6853511,-0.619326,0.34,0.11,-0.4653846153846153,0,0.3
0.6853511,-0.619326,0.32,0.08,-0.4653846153846153,0,0.3
0.5573256999999999,-0.619326,0.32,0.08,-0.4653846153846153,0,0.3
0.25721633,-0.619326,0.32,0.08,-0.4653846153846153,0,0.3
0.25721633,-0.619326,0.15,-0.06,-0.4653846153846153,0,0.3
0.5331938,-0.619326,0.15,-0.06,-0.4653846153846153,0,0.3
0.4210889,-0.619326,0.15,-0.06,-0.4653846153846153,0,0.3
0.38609144,-0.619326,0.12,-0.04,-0.4653846153846153,0,0.3
0.5334715999999999,-0.619326,0.12,-0.04,-0.4653846153846153,0,0.3
0.5334715999999999,-0.619326,0.4,0.03,-0.4653846153846153,0,0.3
0.5326569,-0.619326,0.38,-0.01,-0.4653846153846153,0,0.3
0.53341645,-0.619326,0.24,0.01,-0.4653846153846153,0,0.3
0.3636983,-0.619326,0.24,0.01,-0.4653846153846153,0,0.6
0.3636983,-0.619326,0.32,0.17,-0.4653846153846153,0,0.7
0.2347972,-0.619326,0.32,0.17,-0.4653846153846153,0,0.7
0.6283999,-0.619326,0.32,0.17,-0.4653846153846153,0,0.7
0.7028291,0.0,0.32,0.17,0.0,0,0.7
0.60500103,0.0,0.33,0.1,0.0,0,0.7
0.60500103,0.0,0.33,0.1,-0.4,0,0.7
0.60500103,0.0,0.33,0.1,-0.4,0,0.7
-0.037515946,0.0,0.33,0.1,-0.4,0,0.7
-0.037515946,0.0,0.27,0.09,-0.4,0,0.7
0.04560146,0.0,0.27,0.09,-0.4,0,0.7
0.21044464,0.0,0.27,0.09,-0.4,0,0.7
0.21044464,0.0,0.43,0.13,-0.4,0,0.5
0.30314493,0.0,0.33,0.15,-0.4,0,0.5
0.18909171,0.0,0.33,0.15,-0.4,0,0.5
0.18909171,0.0,0.13,-0.13,-0.4,0,0.3
0.18909171,0.0,0.13,-0.13,-0.4,0,0.3
0.6980976,0.0,0.13,-0.13,-0.4,0,0.3
0.67562073,0.0,0.36,-0.0,-0.4,0,0.3
0.69176346,0.0,0.48,0.26,-0.4,0,0.3
0.6886956,0.0,0.48,0.16,-0.4,0,0.8
0.68938905,0.0,0.48,0.16,-0.4,0,0.8
0.68938905,0.0,0.48,0.16,0.0,0,0.9
0.43656754,0.0,0.48,0.16,0.0,0,1.0
0.43656754,0.0,0.27,0.04,0.0,0,1.0
0.17089229999999994,0.0,0.27,0.04,0.0,0,0.8
0.17089229999999994,0.0,0.27,0.04,0.0,0,0.8
0.45781478,0.0,0.27,0.04,0.0,0,0.8
0.39532334,0.0,0.27,0.04,0.0,0,0.8
0.2739468,0.0,0.27,0.04,0.0,0,0.3
0.2739468,0.0,0.3,0.01,0.0,0,0.3
0.2739468,-0.6143810000000001,0.3,0.01,0.2,0,0.3
0.53624773,-0.6143810000000001,0.3,0.01,0.2,0,0.3
0.53624773,-0.6143810000000001,0.3,0.01,0.2,0,0.3
0.51418525,-0.6143810000000001,0.27,0.1,0.2,0,0.3
0.38849002,-0.6143810000000001,0.27,0.1,0.2,0,0.3
0.38849002,0.693535,0.27,0.1,0.0,0,0.3
0.36436218,0.693535,0.46,0.22,0.0,0,0.5
0.36436218,0.693535,0.46,0.22,0.0,0,0.6
0.5410482,0.693535,0.46,0.22,0.0,0,0.6
0.5410482,-0.916667,0.46,0.22,-0.2,0,0.7
0.5410482,0.0,0.46,0.22,0.0,0,0.8
0.54760873,0.0,0.46,0.22,0.0,0,0.8
0.67960536,0.0,0.46,0.22,0.0,0,0.5
0.6781583000000001,0.0,0.46,0.22,0.0,0,0.6
0.42273197,0.0,0.46,0.22,0.0,0,0.5
0.45685485,0.0,0.46,0.22,0.0,0,0.5
0.45685485,0.0,0.32,-0.13,0.0,0,0.4
0.4776838,0.0,0.32,-0.13,-0.1666666666666666,0,0.3
0.32645625,0.0,0.32,-0.13,-0.1666666666666666,0,0.2
0.32645625,0.0,0.64,0.43,-0.1666666666666666,0,0.4
0.25659847,0.0,0.38,0.08,-0.1666666666666666,0,1.0
-0.02134306,0.0,0.38,0.08,-0.1666666666666666,0,1.0
-0.02134306,0.0,0.21,0.09,-0.1666666666666666,0,1.0
0.6621273,0.0,0.21,0.09,-0.1666666666666666,0,0.9
0.6621273,0.0,0.33,0.08,-0.1666666666666666,0,0.8
-0.015888683,0.0,0.33,0.08,-0.1666666666666666,0,0.8
0.68177,0.0,0.33,0.08,-0.1666666666666666,0,0.6
0.39330453,0.0,0.33,0.08,-0.1666666666666666,0,0.6
0.39330453,0.0,0.97,0.51,-0.1666666666666666,0,0.3
0.71681243,0.0,0.97,0.51,-0.1666666666666666,0,0.6
0.38654324,0.0,0.97,0.51,-0.1666666666666666,0,0.8
0.6785342,0.0,0.97,0.51,-0.1666666666666666,0,0.8
0.6940784000000001,0.0,0.39,-0.04,-0.1666666666666666,0,0.6
0.34526792,0.0,0.39,-0.04,-0.1666666666666666,0,0.3
0.54978496,0.0,0.39,-0.04,-0.1666666666666666,0,0.3
0.54978496,0.0,0.34,-0.0,-0.1666666666666666,0,0.0
0.14423358,0.0,0.34,-0.0,-0.1666666666666666,0,0.0
0.32697713,0.0,0.34,-0.0,-0.1666666666666666,0,0.0
0.23199120000000004,0.0,0.2,-0.14,-0.1666666666666666,0,0.0
0.59088135,0.0,0.2,-0.14,-0.1666666666666666,0,0.0
0.59088135,0.0,0.58,0.18,-0.1666666666666666,0,0.0
0.24793337,0.0,0.58,0.18,-0.1666666666666666,0,0.0
0.24793337,0.0,0.19,-0.31,-0.1666666666666666,0,0.0
0.06504503,0.0,0.19,-0.31,-0.1666666666666666,0,0.0
0.237316,0.0,0.19,-0.31,-0.1666666666666666,0,0.2
0.237316,-0.549383,-0.21,-0.3,0.0,0,0.1
0.26921890000000004,-0.549383,0.6,0.17,0.0,0,0.0
0.26921890000000004,-0.549383,0.3,-0.0,0.0,0,0.0
