0.56712157,-0.916667,-0.07,0.1,0.0,1,0.2
0.6392755999999999,0.0,-0.07,0.1,0.2857142857142857,1,0.2
0.6392755999999999,0.0,-0.07,0.1,0.2857142857142857,1,0.0
0.6588076,0.0,-0.07,0.1,0.2857142857142857,1,0.1
0.6588076,0.517112,-0.07,0.1,0.55,1,0.0
0.45496172,0.517112,-0.07,0.1,0.55,1,0.0
0.43482748,0.517112,0.15,0.23,0.55,1,0.0
0.14237109,0.517112,0.15,0.23,0.55,1,0.0
0.25085407,0.517112,0.15,0.23,0.55,1,0.0
-0.21251875,0.517112,0.15,0.23,0.55,1,0.0
-0.21251875,0.517112,0.09,0.02,0.55,1,0.0
0.25659560000000003,0.517112,0.09,0.02,0.55,1,0.0
-0.09075269,0.517112,0.09,0.02,0.55,1,0.0
0.17994125,0.517112,0.09,0.02,0.55,1,0.0
-0.26842165,0.517112,0.09,0.02,0.55,1,0.0
0.050292164,0.517112,0.09,0.02,0.55,1,0.1
0.54371816,0.517112,0.09,0.02,0.55,1,0.2
0.17141598,0.517112,0.09,0.02,0.55,1,0.2
0.20794496,0.517112,0.15,0.06,0.55,1,0.1
0.07158832,0.517112,0.15,0.06,0.55,1,0.1
0.2352564,0.517112,0.15,0.06,0.55,1,0.1
-0.037754036,0.517112,0.15,0.06,0.55,1,0.1
-0.06501599,0.517112,0.27,0.29,0.55,1,0.1
0.048409224,0.517112,0.27,0.29,0.55,1,0.1
-0.06356107400000001,0.517112,0.27,0.29,0.55,1,0.0
-0.06356107400000001,0.517112,-0.08,-0.13,0.55,1,0.0
0.48093313,0.517112,-0.08,-0.13,0.55,1,0.0
0.5999776,0.517112,-0.08,-0.13,0.55,1,0.0
0.5999776,0.0,-0.08,-0.13,0.22,1,0.0
0.4452414000000001,0.0,-0.08,-0.13,0.22,1,0.0
0.15826500000000002,0.0,-0.08,-0.13,0.22,1,0.0
0.40941322,0.0,-0.08,-0.13,0.22,1,0.0
0.07907308,0.0,-0.08,-0.13,0.22,1,0.0
0.30272546,0.0,-0.08,-0.13,0.22,1,0.0
0.30272546,0.0,-0.08,-0.13,0.22,1,0.0
0.53149873,0.0,-0.08,-0.13,0.22,1,0.0
0.64731014,0.0,-0.08,-0.13,0.22,1,0.0
0.66859794,0.0,-0.08,-0.13,0.22,1,0.0
0.66859794,0.0,-0.11,0.2,0.22,1,0.0
0.6852522,0.0,0.08,-0.16,0.22,1,0.0
0.6173086,0.0,0.23,0.25,0.22,1,0.3
0.6173086,0.0,0.26,0.61,0.22,1,0.3
0.39661774,0.0,0.26,0.61,0.22,1,0.0
0.10690181,0.0,0.26,0.61,0.22,1,0.4
0.35014635,0.0,0.26,0.61,0.22,1,0.2
-0.0053777024,0.0,0.26,0.61,0.22,1,0.2
0.4868258,0.0,0.26,0.61,0.22,1,0.2
0.5566428000000001,0.0,0.28,0.34,0.22,1,0.2
0.6742134,0.0,0.28,0.34,0.22,1,0.2
0.69600683,0.0,0.28,0.34,0.22,1,0.3
0.7572819000000001,0.0,0.28,0.34,0.22,1,0.6
0.4695501,0.0,0.28,0.34,0.22,1,0.3
0.70369375,0.0,0.28,0.34,0.22,1,0.2
0.6953679,0.0,0.34,0.2,0.22,1,0.3
0.6953679,0.0,0.34,0.2,0.22,1,0.3
0.5735709,0.0,0.34,0.2,0.22,1,0.3
0.5735709,0.0,0.34,0.2,0.22,1,0.0
0.47197974,0.0,0.34,0.2,0.22,1,0.0
0.47197974,0.0,0.27,0.47,0.22,1,0.0
0.3314744,0.0,0.27,0.47,0.22,1,0.0
0.31801477,0.0,0.27,0.47,0.16,1,0.1
0.31801477,0.0,0.26,0.37,0.16,1,0.3
0.58987886,0.0,0.26,0.37,0.16,1,0.7
0.44337523,0.0,0.26,0.37,0.16,1,0.6
0.26721007,0.0,0.26,0.37,0.16,1,0.6
0.30795982,0.5469069999999999,0.26,0.37,0.29125,1,0.6
0.63081354,0.5469069999999999,0.26,0.37,0.29125,1,1.0
0.67602944,0.5469069999999999,0.26,0.37,0.29125,1,1.0
0.29741403,0.5469069999999999,0.26,0.37,0.29125,1,1.0
0.29741403,0.5469069999999999,0.26,0.37,0.29125,1,1.0
0.29741403,0.5469069999999999,0.06,0.19,0.29125,1,1.0
0.70765686,0.5469069999999999,0.06,0.19,0.29125,1,1.0
0.6100868,0.714802,0.06,0.19,0.29125,1,1.0
0.55950844,0.714802,0.27,0.39,0.29125,1,1.0
0.10271256,0.714802,0.27,0.39,0.29125,1,1.0
0.10271256,0.714802,-0.01,0.22,0.29125,1,1.0
0.23246053,0.714802,-0.01,0.22,0.29125,1,1.0
0.61534643,0.714802,-0.01,0.22,0.29125,1,1.0
0.06926454,0.714802,-0.01,0.22,0.29125,1,0.8
0.70588833,0.714802,-0.01,0.22,0.29125,1,0.9
0.26353443,0.714802,-0.01,0.22,0.29125,1,0.7
0.14310288,0.714802,-0.01,0.22,0.29125,1,0.5
0.52598095,0.714802,-0.01,0.22,0.29125,1,0.4
0.22676793,0.714802,-0.01,0.22,0.29125,1,0.3
0.1978854,0.714802,0.18,0.11,0.29125,1,0.2
0.31162855,0.714802,0.18,0.11,0.29125,1,0.1
0.31162855,0.714802,0.19,0.12,0.29125,1,0.1
0.4885212,0.714802,0.19,0.12,0.29125,1,0.1
0.4885212,0.714802,0.17,0.2,0.29125,1,0.1
0.37323597,0.714802,0.17,0.2,0.29125,1,0.1
0.27322417,0.714802,0.17,0.2,0.29125,1,0.1
0.27322417,0.714802,0.13,0.19,0.29125,1,0.1
0.4679387,0.714802,0.13,0.19,0.29125,1,0.1
0.4679387,0.714802,0.2,0.27,0.29125,1,0.1
0.6586854999999999,0.714802,0.2,0.27,0.29125,1,0.1
0.5360203,0.714802,0.2,0.27,0.29125,1,0.1
0.5057608,0.714802,-0.03,0.1,0.29125,1,0.1
0.5469222,0.714802,-0.03,0.1,0.29125,1,0.1
0.7182871999999999,0.714802,-0.03,0.1,0.29125,1,0.0
0.7182871999999999,0.714802,-0.03,0.1,-0.6999999999999998,1,0.0
0.7182871999999999,-0.509858,-0.03,0.1,-0.6999999999999998,1,0.0
-0.18782127,-0.509858,-0.03,0.1,-0.6999999999999998,1,0.0
-0.18782127,-0.509858,-0.03,0.1,-0.6999999999999998,1,0.0
-0.18782127,-0.509858,-0.03,0.1,-0.6999999999999998,1,0.0
0.4601734,-0.509858,-0.03,0.1,-0.6999999999999998,1,0.0
0.32344988,-0.509858,-0.03,0.1,-0.6999999999999998,1,0.0
0.71587497,-0.509858,-0.03,0.1,-0.6999999999999998,1,0.0
0.71587497,-0.509858,-0.03,0.1,-0.6999999999999998,1,0.0
0.576471,-0.509858,-0.03,0.1,-0.6999999999999998,1,0.0
0.3857649,-0.509858,-0.03,0.1,-0.6999999999999998,1,0.0
0.3857649,-0.509858,-0.03,0.1,0.0,1,0.0
0.3857649,-0.509858,0.26,0.47,0.0,1,0.0
0.3857649,0.0,0.26,0.47,0.0,1,0.0
0.3857649,0.0,0.26,0.47,-0.3125,1,0.0
0.15568042,0.0,0.26,0.47,-0.3125,1,0.0
0.15568042,0.0,0.35,0.37,-0.3125,1,0.0
0.055383243,0.0,0.35,0.37,-0.3125,1,0.0
0.46650654,0.0,0.35,0.37,-0.3125,1,0.0
0.2858699,0.0,0.35,0.37,-0.3125,1,0.0
0.42405754,0.0,0.35,0.37,-0.3125,1,0.0
-0.17466383,0.0,0.35,0.37,-0.3125,1,0.0
-0.013144933,0.0,0.35,0.37,-0.3125,1,0.0
0.7054746000000001,0.0,0.35,0.37,-0.3125,1,0.0
0.7054746000000001,0.0,0.3,0.32,-0.3125,1,0.0
0.5165668999999999,0.0,0.3,0.32,-0.3125,1,0.0
0.49269348,0.0,0.3,0.32,0.0,1,0.0
0.59078276,0.6282270000000001,0.3,0.32,0.0,1,0.0
0.70155334,0.6282270000000001,0.3,0.32,0.0,1,0.0
0.7008916999999999,0.6282270000000001,0.3,0.32,0.0,1,0.0
0.44451803,0.6282270000000001,0.3,0.32,0.0,1,0.0
0.44414502,0.6282270000000001,0.3,0.32,0.0,1,0.0
0.44414502,0.6282270000000001,0.18,0.11,0.0,1,0.0
0.4515939000000001,0.6282270000000001,0.18,0.11,0.0,1,0.0
0.24449281,0.6282270000000001,0.18,0.11,0.0,1,0.0
0.6803999,0.6282270000000001,0.18,0.11,0.0,1,0.0
0.72374654,0.6282270000000001,0.18,0.11,0.0,1,0.0
0.5344838000000001,0.6282270000000001,0.18,0.11,0.0,1,0.0
0.4460899,0.6282270000000001,0.28,0.23,0.0,1,0.0
0.39195088,0.533605,0.28,0.23,0.0,1,0.0
-0.07247184,0.533605,0.28,0.23,0.0,1,0.0
-0.23368177,0.533605,0.28,0.23,0.0,1,0.0
-0.23368177,0.595566,0.28,0.23,0.0,1,0.0
-0.19628897,0.595566,0.28,0.23,-0.04166666666666667,1,0.0
-0.30098057,0.595566,0.28,0.23,-0.04166666666666667,1,0.0
-0.30098057,-0.8516370000000001,0.28,0.23,-0.04166666666666667,1,0.0
-0.17699994,-0.8516370000000001,0.28,0.23,-0.04166666666666667,1,0.0
-0.17699994,-0.8516370000000001,0.25,0.18,-0.04166666666666667,1,0.0
-0.05486259,-0.8516370000000001,0.25,0.18,-0.04166666666666667,1,0.0
0.5734775,-0.8516370000000001,0.25,0.18,-0.04166666666666667,1,0.0
0.470393,-0.8516370000000001,0.25,0.18,-0.04166666666666667,1,0.0
0.20952922,-0.8516370000000001,0.25,0.18,-0.04166666666666667,1,0.0
0.096628025,-0.8516370000000001,0.25,0.18,-0.04166666666666667,1,0.0
-0.15435424,-0.8516370000000001,0.25,0.18,-0.04166666666666667,1,0.0
0.11079937,-0.8516370000000001,0.25,0.18,-0.04166666666666667,1,0.0
-0.08156076,-0.8516370000000001,0.25,0.18,-0.04166666666666667,1,0.0
0.4772255999999999,-0.8516370000000001,0.25,0.18,-0.04166666666666667,1,0.0
0.4772255999999999,-0.8516370000000001,-0.22,-0.11,-0.04166666666666667,1,0.0
0.33276940000000005,-0.8516370000000001,-0.22,-0.11,-0.04166666666666667,1,0.0
0.3677104000000001,-0.8516370000000001,0.31,0.22,-0.04166666666666667,1,0.0
0.24424188,-0.8516370000000001,0.31,0.22,-0.04166666666666667,1,0.0
0.24424188,-0.8516370000000001,0.48,0.48,-0.04166666666666667,1,0.0
0.53649414,-0.8516370000000001,0.48,0.48,-0.04166666666666667,1,0.0
0.4028281,-0.8516370000000001,0.48,0.48,-0.04166666666666667,1,0.0
0.27158064,-0.8516370000000001,0.48,0.48,-0.04166666666666667,1,0.0
0.44847226,-0.8516370000000001,0.48,0.48,-0.04166666666666667,1,0.0
0.5512899,-0.8516370000000001,0.48,0.48,-0.04166666666666667,1,0.0
0.5512899,-0.8516370000000001,0.34,0.22,-0.04166666666666667,1,0.0
0.30385813,-0.8516370000000001,0.34,0.22,-0.04166666666666667,1,0.0
0.30385813,-0.8516370000000001,0.34,0.22,-0.4318181818181818,1,0.0
0.30385813,-0.5007189999999999,0.34,0.22,-0.4318181818181818,1,0.0
-0.04876633,-0.5007189999999999,0.34,0.22,-0.4318181818181818,1,0.0
0.34358138,-0.5007189999999999,0.34,0.22,-0.4318181818181818,1,0.0
0.34701735,-0.5007189999999999,0.34,0.22,-0.4318181818181818,1,0.0
0.7121536,-0.5007189999999999,0.34,0.22,-0.4318181818181818,1,0.0
0.35537097,-0.5007189999999999,0.34,0.22,-0.4318181818181818,1,-0.3
0.6539488,-0.5007189999999999,0.34,0.22,-0.4318181818181818,1,-0.2
0.6539488,-0.5007189999999999,-0.09,0.05,-0.4318181818181818,1,-0.2
0.5395964,-0.5007189999999999,-0.09,0.05,-0.4318181818181818,1,-0.2
0.5395964,-0.5007189999999999,-0.09,0.05,-0.4318181818181818,1,-0.2
0.17112774,-0.5007189999999999,-0.09,0.05,-0.4318181818181818,1,-0.2
0.17733288,-0.5007189999999999,-0.09,0.05,0.3,1,-0.4
0.17733288,0.76947,-0.09,0.05,0.3,1,-0.4
0.49797082,0.76947,-0.09,0.05,0.3,1,-0.4
0.57901967,0.76947,-0.09,0.05,0.5,1,-0.3
0.5144985,0.71395,-0.09,0.05,0.5,1,-0.2
0.4206378,0.71395,0.22,0.06,0.5,1,0.0
0.31651372,0.71395,0.22,0.06,0.5,1,0.0
0.31651372,0.71395,0.31,0.32,0.5,1,0.0
0.33636233,0.71395,0.31,0.32,0.5,1,0.0
0.63607013,0.71395,0.31,0.32,0.5,1,0.0
0.6083854999999999,0.71395,0.31,0.32,0.5,1,0.0
0.59578735,0.71395,0.27,-0.05,0.5,1,0.0
0.4675697,0.71395,0.27,-0.05,0.5,1,0.0
0.4232067,-0.537145,0.27,-0.05,0.0,1,0.0
0.26721132,-0.537145,0.27,-0.05,0.0,1,0.0
0.26721132,-0.537145,0.27,-0.05,0.04999999999999999,1,0.0
0.26721132,0.0,0.27,-0.05,0.04999999999999999,1,0.0
0.14398603,0.0,0.27,-0.05,0.04999999999999999,1,0.0
0.14398603,0.0,0.27,-0.05,0.01265624999999998,1,0.0
8.095056e-06,0.0,0.27,-0.05,0.01265624999999998,1,0.0
0.14521293,0.0,0.27,-0.05,0.01265624999999998,1,0.0
-0.16801873,0.0,0.27,-0.05,0.01265624999999998,1,0.0
-0.073332295,0.0,0.29,0.31,0.01265624999999998,1,0.0
-0.19394042,0.0,0.29,0.31,0.01265624999999998,1,0.0
-0.023336016,0.0,0.29,0.31,0.01265624999999998,1,0.0
-0.023336016,0.0,0.26,0.08,0.01265624999999998,1,0.0
0.158046,0.0,0.26,0.08,0.01265624999999998,1,0.0
-0.020702139,0.0,0.26,0.08,0.01265624999999998,1,0.0
-0.011297107,0.0,0.26,0.08,0.062499999999999986,1,0.0
-0.011297107,-0.737784,0.26,0.08,0.062499999999999986,1,0.0
-0.17542441,-0.737784,0.26,0.08,0.062499999999999986,1,0.0
0.36545125,-0.737784,0.26,0.08,0.062499999999999986,1,0.0
0.09810622,-0.737784,0.26,0.08,0.062499999999999986,1,0.0
0.50363886,-0.737784,0.26,0.08,0.062499999999999986,1,0.0
0.12688237,-0.737784,0.26,0.08,0.062499999999999986,1,0.0
0.12688237,-0.737784,0.39,0.38,0.062499999999999986,1,0.0
-0.13198932,-0.737784,0.39,0.38,0.062499999999999986,1,0.0
0.31480804,-0.737784,0.39,0.38,0.062499999999999986,1,0.0
0.04819683,-0.737784,0.39,0.38,0.062499999999999986,1,0.0
0.04819683,-0.737784,0.28,0.06,0.062499999999999986,1,0.0
0.3696721,-0.737784,0.28,0.06,0.062499999999999986,1,0.0
0.27073416,-0.737784,0.28,0.06,0.062499999999999986,1,0.0
0.4057457,-0.737784,0.28,0.06,0.062499999999999986,1,0.0
0.4057457,-0.737784,0.28,0.06,0.0,1,0.0
0.4057457,0.0,0.28,0.06,0.0,1,0.0
0.3268472,0.0,0.28,0.06,0.2777777777777777,1,0.0
0.53667486,0.0,0.28,0.06,0.2777777777777777,1,0.0
0.53667486,0.0,0.28,0.06,0.2777777777777777,1,0.0
0.32698992,0.0,0.28,0.06,0.2777777777777777,1,0.0
0.45660493,0.0,0.28,0.06,0.2777777777777777,1,0.0
-0.27581903,0.0,0.28,0.06,0.2777777777777777,1,0.0
-0.13284852,0.0,0.28,0.06,0.2777777777777777,1,0.0
-0.13284852,0.0,0.4,0.37,0.2777777777777777,1,0.0
-0.032554314,0.0,0.4,0.37,0.2777777777777777,1,0.0
-0.14364773,0.0,0.4,0.37,0.2777777777777777,1,0.0
-0.24456379,0.0,0.4,0.37,0.2777777777777777,1,0.0
-0.20409027,0.0,0.36,0.24,0.2777777777777777,1,0.0
-0.112320065,0.0,0.4,0.24,0.2777777777777777,1,0.0
0.013058078,0.0,0.4,0.24,0.2777777777777777,1,0.0
0.013058078,0.0,0.4,0.24,0.04999999999999999,1,0.0
-0.114688754,0.0,0.4,0.24,0.04999999999999999,1,0.0
-0.114688754,0.0,0.4,0.24,0.10333333333333332,1,0.0
0.092892505,0.0,0.4,0.24,0.10333333333333332,1,0.0
-0.094124496,0.0,0.4,0.24,0.10333333333333332,1,0.0
-0.094124496,0.661419,0.4,0.24,0.10333333333333332,1,0.0
0.012926072,0.661419,0.4,0.24,0.10333333333333332,1,0.0
0.012926072,0.661419,0.39,0.21,0.10333333333333332,1,0.0
0.15134443,0.661419,0.39,0.21,0.10333333333333332,1,0.0
-0.0065241456000000005,0.661419,0.39,0.21,0.10333333333333332,1,0.0
-0.15431875,0.661419,0.39,0.21,0.10333333333333332,1,0.0
-0.032488406000000004,0.661419,0.39,0.21,0.10333333333333332,1,0.0
-0.032488406000000004,0.661419,0.39,0.21,0.3525,1,0.0
0.031932756,0.0,0.39,0.21,0.3525,1,0.0
0.26680452,0.0,0.39,0.21,0.3525,1,0.0
-0.20476726,0.0,0.39,0.21,0.3525,1,0.0
-0.22433534,0.0,0.24,0.21,0.3525,1,0.0
0.03201656,0.0,0.24,0.21,0.3525,1,0.0
0.03201656,0.0,0.16,0.19,0.3525,1,0.0
0.13965093,0.0,0.16,0.19,0.3525,1,0.0
0.13965093,0.0,0.16,0.19,0.39,1,0.0
-0.0088639185,0.0,0.16,0.19,0.39,1,0.0
-0.0088639185,0.861525,0.16,0.19,0.39,1,0.0
-0.26830974,0.861525,0.16,0.19,0.39,1,0.0
-0.046604395,0.861525,0.16,0.19,0.39,1,0.0
-0.16643037,0.861525,0.16,0.19,0.39,1,0.0
-0.16643037,0.861525,0.3,0.41,0.39,1,0.0
-0.116913944,0.861525,0.34,-0.09,0.39,1,0.0
0.06557104,0.861525,0.34,-0.09,0.39,1,0.0
-0.052666478,0.861525,0.34,-0.09,0.39,1,0.0
0.13926408,0.861525,0.34,-0.09,0.39,1,0.0
-0.15213788,0.861525,0.34,-0.09,0.39,1,0.0
0.23159239,0.861525,0.34,-0.09,0.39,1,0.0
0.29588604,0.861525,0.18,0.18,0.39,1,0.0
0.46927258,0.861525,0.18,0.18,0.39,1,0.0
0.46927258,0.861525,0.07,0.05,0.39,1,0.0
-0.021064788,0.861525,0.07,0.05,0.39,1,0.0
0.21405032,0.861525,0.07,0.05,0.39,1,0.0
0.1009776,0.861525,0.07,0.05,0.39,1,0.0
0.27214125,0.861525,0.07,0.05,0.39,1,0.0
0.27214125,0.861525,0.07,0.05,0.0,1,0.0
0.10450612,0.861525,0.07,0.05,0.0,1,0.0
-0.058242135,0.861525,0.07,0.05,0.0,1,0.0
-0.082681015,0.861525,0.32,0.27,0.0,1,0.0
0.055640034000000005,0.861525,0.32,0.27,0.0,1,0.0
0.055640034000000005,0.0,0.32,0.27,0.0,1,0.0
-0.03607378,0.0,0.32,0.27,-0.26785714285714285,1,0.0
-0.03607378,-0.5176930000000001,0.32,0.27,-0.26785714285714285,1,0.0
-0.16808477,-0.5176930000000001,0.32,0.27,-0.26785714285714285,1,0.0
-0.16808477,-0.5176930000000001,0.28,0.14,-0.26785714285714285,1,0.0
0.038384352,-0.5176930000000001,0.28,0.14,-0.26785714285714285,1,0.0
0.56360537,-0.5176930000000001,0.28,0.14,-0.26785714285714285,1,0.0
0.5555427,-0.5176930000000001,0.4,0.78,-0.26785714285714285,1,0.0
0.29913354,-0.5176930000000001,0.4,0.78,-0.26785714285714285,1,0.0
0.48642394,-0.5176930000000001,0.4,0.78,-0.26785714285714285,1,0.0
0.30964124,-0.5176930000000001,0.4,0.78,-0.26785714285714285,1,0.0
0.51779056,-0.5176930000000001,0.4,0.78,-0.26785714285714285,1,0.0
0.54483736,-0.5176930000000001,0.32,0.26,-0.26785714285714285,1,0.0
0.69393015,-0.5176930000000001,0.32,0.26,-0.26785714285714285,1,0.7
0.5179408,-0.5176930000000001,0.32,0.26,-0.26785714285714285,1,0.2
0.35784727,-0.5176930000000001,0.32,0.26,-0.26785714285714285,1,0.2
0.35784727,-0.5176930000000001,0.32,0.26,-0.26785714285714285,1,0.4
0.72575253,-0.5176930000000001,0.32,0.26,-0.26785714285714285,1,0.5
0.71842754,-0.5176930000000001,0.32,0.26,-0.26785714285714285,1,1.0
0.009317443,-0.5176930000000001,0.32,0.26,-0.26785714285714285,1,1.0
0.009317443,-0.5176930000000001,0.32,0.26,-0.26785714285714285,1,0.8
0.3847704,-0.5176930000000001,0.32,0.26,-0.26785714285714285,1,0.6
0.5005779,-0.5176930000000001,0.32,0.26,-0.26785714285714285,1,0.6
0.5005779,-0.5176930000000001,0.32,0.26,-0.26785714285714285,1,0.6
0.26123756,-0.5176930000000001,0.32,0.26,-0.26785714285714285,1,0.6
0.26123756,-0.5176930000000001,0.26,0.09,-0.26785714285714285,1,0.6
0.26123756,-0.5176930000000001,0.26,0.09,-0.26785714285714285,1,0.6
0.031462796,-0.5176930000000001,0.26,0.09,-0.26785714285714285,1,0.5
0.71420586,-0.5176930000000001,0.26,0.09,-0.26785714285714285,1,0.3
0.71314996,-0.5176930000000001,0.26,0.09,-0.26785714285714285,1,0.0
0.59939456,-0.5176930000000001,0.26,0.09,-0.26785714285714285,1,0.0
0.59939456,-0.5176930000000001,0.26,0.09,0.35,1,0.0
0.59939456,0.85709,0.26,0.09,0.35,1,0.0
-0.20844579,0.85709,0.26,0.09,0.35,1,0.0
-0.27598923,0.85709,0.22,0.2,0.35,1,0.0
0.21720268,0.85709,0.22,0.2,0.35,1,0.0
0.48889533,0.85709,0.22,0.2,0.35,1,0.0
0.5822746,0.85709,0.22,0.2,0.4,1,0.0
0.5822746,0.853534,0.22,0.2,0.4,1,0.0
0.5822746,0.853534,0.23,0.14,0.4,1,0.0
0.69612104,0,0.23,0.14,0,1,0.0
0.43205985,0,0.23,0.14,0,1,0.0
0.43205985,0,0.23,0.14,0,1,0.0
0.72904575,0,0.23,0.14,0,1,0.0
0.65451705,0.0,-0.11,-0.15,0.0,0,0.2
0.6843897,0.0,0.12,0.02,0.0,0,0.0
0.6843897,0.0,0.12,0.02,0.4166666666666667,0,0.1
0.7062246999999999,0.0,-0.1,-0.22,0.4166666666666667,0,0.1
0.7062246999999999,0.528464,-0.1,-0.22,0.0,0,0.2
0.7076654,0.528464,-0.1,-0.22,0.0,0,0.2
0.70944875,0.528464,-0.04,-0.03,0.0,0,0.2
0.70944875,0.528464,0.14,0.09,0.0,0,0.2
0.6999380999999999,0.0,0.14,0.09,0.0,0,0.2
0.7103656,0.0,0.16,-0.03,0.0,0,0.2
0.6659495,0.0,0.16,-0.03,0.0,0,0.2
0.48387,0.0,0.16,-0.03,0.0,0,0.3
0.48387,0.7007260000000001,0.16,-0.03,0.14375,0,0.3
0.48387,0.7007260000000001,0.16,-0.03,0.14375,0,0.0
0.53588593,0.7007260000000001,0.35,0.19,0.14375,0,0.4
0.43102387,0.7007260000000001,0.35,0.19,0.14375,0,0.2
0.43102387,0.7007260000000001,0.26,0.18,0.14375,0,0.2
0.5084641,-0.584857,0.26,0.18,0.10833333333333334,0,0.2
0.54299986,-0.584857,0.04,0.02,0.10833333333333334,0,0.2
0.30910403,-0.584857,0.04,0.02,0.10833333333333334,0,0.1
0.10269774,-0.584857,0.04,0.02,0.10833333333333334,0,0.1
0.6448319,-0.584857,0.04,0.02,0.10833333333333334,0,0.1
0.4033759,-0.584857,0.04,0.02,0.10833333333333334,0,0.1
0.37462226,-0.584857,0.01,-0.03,0.10833333333333334,0,0.0
0.7077351,-0.584857,0.01,-0.03,0.10833333333333334,0,0.0
0.72128356,-0.584857,0.08,-0.01,0.10833333333333334,0,0.0
0.4411315,-0.584857,0.08,-0.01,0.10833333333333334,0,0.0
0.4411315,-0.584857,0.1,-0.02,0.10833333333333334,0,0.0
0.52034056,-0.573643,0.1,-0.02,0.1375,0,0.7
0.20038489,-0.573643,0.1,-0.02,0.1375,0,0.2
0.36329556,-0.573643,0.1,-0.02,0.1375,0,0.2
0.15220962,-0.573643,0.1,-0.02,0.1375,0,0.2
0.15220962,-0.573643,0.14,0.05,0.1375,0,0.1
-0.27155188,-0.573643,0.14,0.05,0.1375,0,0.1
0.62160647,-0.573643,0.14,0.05,0.1375,0,0.2
0.62160647,-0.573643,0.09,0.02,0.1375,0,0.3
0.26603007,-0.573643,0.09,0.02,0.1375,0,0.2
0.4286845,-0.573643,0.09,0.02,0.1375,0,0.1
0.3188209,-0.573643,0.09,0.02,0.1375,0,0.2
0.4670538,-0.573643,0.08,0.01,0.1375,0,0.2
0.65436643,-0.573643,0.08,0.01,0.1375,0,0.0
0.65436643,0.0,0.08,0.01,0.0,0,0.0
0.6943984999999999,0.0,0.12,0.11,0.0,0,0.0
0.5299144,0.0,0.12,0.11,0.0,0,0.0
0.25868672,0.0,0.12,0.11,0.0,0,0.0
0.074369356,0.0,0.12,0.11,0.0,0,0.0
0.37213057,0.0,0.12,0.11,0.0,0,0.0
0.24782173,0.0,0.12,0.11,0.0,0,-0.2
0.08585395,0.0,0.12,0.11,0.0,0,-0.2
0.08585395,-0.5831930000000001,0.12,0.11,0.30000000000000004,0,-0.2
-0.016169779,-0.5831930000000001,0.12,0.11,0.30000000000000004,0,-0.3
0.6956600000000001,-0.5831930000000001,0.12,0.11,0.30000000000000004,0,-0.3
0.71701825,-0.5831930000000001,0.0,-0.18,0.30000000000000004,0,-0.3
0.6732979,0.0,0.0,-0.18,0.0,0,-0.3
0.5697085999999999,0.0,0.0,-0.18,0.0,0,0.0
0.53276324,0.0,0.11,0.15,0.0,0,0.0
0.27573590000000003,0.0,0.11,0.15,0.0,0,0.0
0.27573590000000003,-0.671702,0.11,0.15,0.205,0,0.0
0.31596068,-0.671702,-0.0,0.02,0.205,0,0.0
0.121579655,-0.671702,-0.0,0.02,0.205,0,0.0
-0.14474827,-0.671702,-0.0,0.02,0.205,0,0.0
0.13269764,-0.671702,-0.0,0.02,0.205,0,0.0
-0.0006028451,-0.671702,-0.0,0.02,0.205,0,0.0
0.3007155,-0.671702,-0.0,0.02,0.205,0,0.0
-0.11035216,-0.671702,-0.0,0.02,0.205,0,0.0
-0.01751627,-0.671702,0.16,0.1,0.205,0,0.0
0.44798905,-0.671702,0.16,0.1,0.205,0,0.0
0.27646620000000005,-0.671702,0.16,0.1,0.205,0,0.0
0.06988133,-0.671702,0.16,0.1,0.205,0,0.0
0.06988133,-0.671702,0.1,0.16,0.205,0,0.0
0.2225008,-0.671702,0.1,0.16,0.205,0,0.0
0.33363354,-0.671702,0.1,0.16,0.205,0,0.0
0.06276193,-0.671702,0.1,0.16,0.205,0,0.0
0.035453446,-0.671702,0.09,0.16,0.205,0,0.0
0.20356202,-0.671702,0.09,0.16,0.205,0,0.6
0.32923856,-0.671702,0.09,0.16,0.205,0,0.6
0.32923856,-0.671702,0.01,-0.03,0.205,0,0.4
0.58023125,-0.671702,0.01,-0.03,0.205,0,0.8
0.44409743,-0.671702,0.01,-0.03,0.205,0,0.8
0.57235456,-0.671702,0.01,-0.03,0.205,0,0.3
0.62785125,-0.671702,0.09,0.09,0.205,0,0.0
0.33731005,-0.671702,0.09,0.09,0.205,0,0.0
0.6496621,-0.671702,0.09,0.09,0.205,0,0.0
0.5252526,-0.671702,0.09,0.09,0.205,0,0.8
0.5252526,-0.671702,-0.02,0.15,0.205,0,1.0
0.4197399000000001,-0.671702,-0.02,0.15,0.205,0,1.0
0.4197399000000001,-0.671702,-0.02,0.15,0.205,0,0.0
0.54492867,-0.671702,-0.02,0.15,0.205,0,0.0
0.63510376,-0.671702,-0.02,0.15,0.205,0,0.5
0.61464965,-0.671702,0.23,0.31,0.205,0,0.5
0.6431411,0.0,0.23,0.31,0.0,0,0.5
0.62312925,0.0,0.24,0.28,0.0,0,0.6
0.62312925,0.0,0.24,0.28,-0.1555555555555556,0,0.3
0.51928127,0.0,0.24,0.28,-0.1555555555555556,0,0.3
0.3716416,0.0,0.24,0.28,-0.1555555555555556,0,0.2
0.21236515,0.0,0.24,0.28,-0.1555555555555556,0,0.2
0.028246257,0.0,0.24,0.28,-0.1555555555555556,0,0.2
0.5417893,0.0,0.24,0.28,-0.1555555555555556,0,0.1
0.5417893,-0.538363,0.24,0.28,0.0,0,0.0
0.4973149000000001,0.0,0.24,0.28,0.0,0,0.0
0.6737251999999999,0.0,0.24,0.28,0.0,0,0.0
0.70316696,0.0,0.24,0.28,0.026031746031746024,0,0.0
0.70316696,0.0,0.24,0.33,0.026031746031746024,0,0.0
0.60091716,0.0,0.24,0.33,0.026031746031746024,0,0.0
0.60268044,0.0,0.24,0.33,0.026031746031746024,0,0.0
0.7135529,0.0,0.24,0.33,0.026031746031746024,0,0.0
0.2506299,0.0,0.24,0.33,0.026031746031746024,0,0.0
0.47327662,0.0,0.24,0.33,0.026031746031746024,0,0.0
0.67014617,0.0,0.24,0.33,0.026031746031746024,0,0.0
0.67014617,0.0,0.24,0.33,0.026031746031746024,0,0.0
0.7253326,0.0,0.24,0.33,0.026031746031746024,0,0.0
0.70787793,0.0,0.11,0.09,0.026031746031746024,0,0.0
0.703983,0.0,0.11,0.09,0.026031746031746024,0,0.0
0.24153398,0.0,0.11,0.09,0.026031746031746024,0,0.0
0.54071957,0.0,0.11,0.09,0.026031746031746024,0,0.5
0.6959723000000001,0.0,0.11,0.09,0.026031746031746024,0,0.4
0.6959723000000001,0.0,0.11,0.09,0.026031746031746024,0,0.3
0.70223665,0.0,0.11,0.09,0.026031746031746024,0,0.2
0.7394461999999999,0.0,0.19,0.26,0.026031746031746024,0,0.2
0.7072933000000001,0.0,-0.02,0.01,0.026031746031746024,0,0.1
0.5949696999999999,0.0,-0.02,0.01,0.026031746031746024,0,0.1
0.021488488,0.0,-0.02,0.01,0.026031746031746024,0,0.1
0.6899816999999999,0.0,-0.02,0.01,0.026031746031746024,0,0.2
0.5018365,0.0,-0.02,0.01,0.026031746031746024,0,0.2
0.3919147,0.0,-0.02,0.01,0.026031746031746024,0,0.0
0.3919147,0.0,0.2,0.24,0.026031746031746024,0,0.0
0.2288278,0.0,0.2,0.24,0.026031746031746024,0,0.0
0.15769045,0.0,-0.2,-0.05,0.026031746031746024,0,0.6
-0.20771971,0.0,-0.2,-0.05,0.026031746031746024,0,0.6
-0.11529572,-0.5311859999999999,-0.2,-0.05,0.5428571428571429,0,0.6
0.017016716,-0.5311859999999999,-0.2,-0.05,0.5428571428571429,0,0.0
0.017016716,-0.5311859999999999,0.1,0.15,0.5428571428571429,0,0.2
0.062267,-0.5311859999999999,0.06,0.17,0.5428571428571429,0,0.0
0.6164196999999999,-0.5311859999999999,0.06,0.17,0.5428571428571429,0,0.2
0.5867081000000001,-0.598162,0.06,0.17,-0.775,0,0.2
0.5703965999999999,-0.598162,0.13,0.26,-0.775,0,0.1
0.31101075,-0.598162,0.13,0.26,-0.775,0,0.1
0.6990154000000001,-0.598162,0.13,0.26,-0.775,0,0.1
0.7164574,-0.598162,0.07,0.11,-0.775,0,0.1
0.6405666,-0.627699,0.07,0.11,-0.8,0,0.0
0.42510343,-0.627699,0.07,0.11,-0.8,0,0.0
0.42789537,0.0,0.07,0.11,0.0,0,0.0
0.6072625,0.0,0.07,0.11,0.0,0,0.0
0.22245777,0.0,0.07,0.11,0.0,0,0.0
0.22245777,0.0,-0.11,-0.02,0.0,0,0.0
0.18036783,0.0,-0.11,-0.02,-0.3333333333333333,0,0.0
0.11699612,0.0,0.12,0.06,-0.3333333333333333,0,0.0
0.44011354,0.0,0.12,0.06,-0.3333333333333333,0,0.0
0.6716125,0.0,0.12,0.06,-0.3333333333333333,0,0.0
0.5583953,0.0,0.12,0.06,-0.3333333333333333,0,0.0
0.38632587,0.0,0.12,0.06,-0.3333333333333333,0,0.4
0.34448996,-0.519353,0.12,0.06,-0.17812499999999995,0,0.5
0.34918773,-0.519353,-0.01,0.17,-0.17812499999999995,0,0.5
0.2419648,-0.519353,-0.01,0.17,-0.17812499999999995,0,0.5
0.03020262,-0.519353,-0.01,0.17,-0.17812499999999995,0,0.4
0.14226438,-0.519353,-0.01,0.17,-0.17812499999999995,0,0.4
0.010033239,-0.519353,-0.01,0.17,-0.17812499999999995,0,0.3
0.010033239,-0.519353,0.13,0.18,-0.17812499999999995,0,0.2
0.03980936,0.0,0.13,0.18,0.4333333333333333,0,0.2
0.5024569000000001,0.0,0.13,0.18,0.4333333333333333,0,0.2
0.5024569000000001,0.0,0.13,0.18,0.27714285714285714,0,0.0
-0.04804129,0.0,0.13,0.18,0.27714285714285714,0,0.0
-0.19580188,0.0,0.13,0.18,0.27714285714285714,0,0.0
-0.19580188,0.0,0.06,0.1,0.27714285714285714,0,0.0
-0.49652576,0.0,0.06,0.1,0.27714285714285714,0,0.0
0.02063281,0.0,0.06,0.1,0.27714285714285714,0,0.0
-0.23084778,0.0,0.06,0.1,0.27714285714285714,0,0.2
0.2892611,0.0,0.06,0.1,0.27714285714285714,0,0.2
-0.14543693,0.0,0.06,0.1,0.27714285714285714,0,0.2
0.0530922,0.0,0.06,0.1,0.27714285714285714,0,0.2
-0.13397475,0.0,0.06,0.1,0.27714285714285714,0,0.2
-0.0016987323999999998,0.0,0.06,0.1,0.27714285714285714,0,0.8
0.6422829000000001,0.0,0.06,0.1,0.27714285714285714,0,0.8
0.6422829000000001,0.0,0.13,0.31,0.27714285714285714,0,0.8
0.3606928,0.0,0.13,0.31,0.27714285714285714,0,0.8
0.3606928,0.0,0.1,0.16,0.27714285714285714,0,0.8
0.46739265,0.0,0.1,0.16,0.27714285714285714,0,0.8
0.21191227,0.0,0.1,0.16,0.27714285714285714,0,0.8
0.09973818,0.0,0.1,0.16,0.27714285714285714,0,0.8
-0.116451725,0.0,0.1,0.16,0.27714285714285714,0,0.8
-0.24416599,0.0,0.1,0.16,0.27714285714285714,0,0.8
-0.18573633,0.0,0.13,0.28,0.27714285714285714,0,0.8
0.17580685,0.0,0.13,0.28,0.27714285714285714,0,0.7
0.17580685,0.0,0.13,0.28,-0.2,0,0.7
0.6636046999999999,0.0,0.13,0.28,-0.2,0,0.6
0.67575413,-0.8991889999999999,0.13,0.28,0.0,0,0.6
0.69773066,-0.8991889999999999,0.17,0.23,0.0,0,0.5
0.5727995,-0.8991889999999999,0.17,0.23,0.0,0,0.4
0.5727995,-0.944822,0.17,0.23,-0.10714285714285714,0,0.3
0.21724384,-0.944822,0.17,0.23,-0.10714285714285714,0,0.4
-0.13463558,-0.944822,0.17,0.23,-0.10714285714285714,0,0.4
0.28057462,-0.944822,0.17,0.23,-0.10714285714285714,0,0.3
-0.37953845,-0.944822,0.17,0.23,-0.10714285714285714,0,0.3
-0.41024157,-0.944822,0.08,0.3,-0.10714285714285714,0,0.6
-0.14270405,-0.944822,0.08,0.3,-0.10714285714285714,0,0.3
-0.14270405,-0.812861,0.08,0.3,-0.07777777777777779,0,0.2
0.52290237,-0.812861,0.08,0.3,-0.07777777777777779,0,0.2
0.721472,-0.812861,0.08,0.3,-0.07777777777777779,0,0.2
0.3696192,-0.812861,0.08,0.3,-0.07777777777777779,0,0.6
0.4530598,-0.812861,0.17,0.56,-0.07777777777777779,0,0.6
0.34901094,-0.812861,0.17,0.56,-0.07777777777777779,0,0.5
0.34901094,-0.812861,0.18,0.46,-0.07777777777777779,0,0.4
0.5357649999999999,-0.812861,0.18,0.46,-0.07777777777777779,0,0.3
0.71764827,-0.812861,0.18,0.46,-0.07777777777777779,0,0.5
0.40066752,-0.812861,0.18,0.46,-0.07777777777777779,0,0.4
0.20885693,-0.812861,0.18,0.46,-0.07777777777777779,0,0.2
0.7394274000000001,-0.812861,0.18,0.46,-0.07777777777777779,0,0.2
0.7394274000000001,-0.812861,0.06,0.32,-0.07777777777777779,0,0.2
0.4686518,-0.812861,0.06,0.32,-0.07777777777777779,0,0.2
0.65735394,-0.812861,0.06,0.32,-0.07777777777777779,0,0.2
0.65735394,-0.812861,-0.03,0.19,-0.07777777777777779,0,0.2
0.5456383,-0.812861,-0.03,0.19,-0.07777777777777779,0,0.2
0.5456383,-0.929116,-0.03,0.19,0.0,0,0.2
0.5456383,-0.721018,-0.03,0.19,-0.08650793650793652,0,0.2
0.42174172,-0.721018,-0.03,0.19,-0.08650793650793652,0,0.0
0.7027456999999999,-0.721018,-0.03,0.19,-0.08650793650793652,0,0.2
0.66539645,-0.721018,0.05,0.18,-0.08650793650793652,0,0.2
0.5062234,-0.721018,0.05,0.18,-0.08650793650793652,0,0.2
0.5062234,-0.721018,0.15,0.41,-0.08650793650793652,0,0.0
0.53765464,-0.721018,0.17,0.27,-0.08650793650793652,0,0.0
0.0940748,-0.721018,0.17,0.27,-0.08650793650793652,0,0.0
0.32323906,-0.721018,0.17,0.27,-0.08650793650793652,0,0.0
0.70599174,-0.721018,0.17,0.27,-0.08650793650793652,0,0.0
0.52481204,-0.721018,0.17,0.27,-0.08650793650793652,0,0.0
0.52481204,-0.683217,0.17,0.27,-0.08650793650793652,0,0.0
0.3819482,-0.683217,0.17,0.27,-0.08650793650793652,0,0.0
0.47967762,-0.683217,0.09,0.35,-0.08650793650793652,0,0.6
0.37250155,-0.683217,0.09,0.35,-0.08650793650793652,0,0.6
0.63640463,-0.683217,0.09,0.35,-0.08650793650793652,0,0.6
0.7047114999999999,-0.683217,0.24,0.44,-0.08650793650793652,0,0.7
0.59617484,-0.683217,0.24,0.44,-0.08650793650793652,0,0.4
0.41269347,-0.683217,0.24,0.44,-0.08650793650793652,0,0.4
0.49609625,-0.683217,0.2,0.33,-0.08650793650793652,0,0.3
0.67317283,-0.683217,0.2,0.33,-0.08650793650793652,0,0.3
0.6923272,-0.683217,0.2,0.24,-0.08650793650793652,0,0.3
0.5358050999999999,-0.683217,0.2,0.24,-0.08650793650793652,0,0.2
0.2991054,-0.683217,0.2,0.24,-0.08650793650793652,0,0.2
0.039615843,-0.683217,0.2,0.24,-0.08650793650793652,0,0.2
-0.11532915,-0.683217,0.2,0.24,-0.08650793650793652,0,0.0
-0.11532915,-0.6752319999999999,0.2,0.24,-0.25,0,0.0
-0.09111792,-0.6752319999999999,0.12,0.24,-0.25,0,0.0
0.29688317,-0.6752319999999999,0.12,0.24,-0.25,0,0.0
0.12796375,-0.6752319999999999,0.12,0.24,-0.25,0,0.0
0.051320866,-0.6752319999999999,0.17,0.39,-0.25,0,0.0
0.30411088,-0.6752319999999999,0.17,0.39,-0.25,0,0.0
0.4733743,-0.6752319999999999,0.17,0.39,-0.25,0,0.0
0.61712676,-0.6752319999999999,0.17,0.39,-0.25,0,0.0
0.61712676,-0.7017180000000001,0.17,0.39,-0.2,0,0.0
0.61712676,-0.7017180000000001,0.08,0.19,-0.2,0,0.0
0.72659516,-0.7017180000000001,0.08,0.19,-0.2,0,0.0
0.38932195,-0.7017180000000001,0.08,0.19,-0.2,0,0.0
0.04335138,-0.7017180000000001,0.08,0.19,-0.2,0,0.0
-0.21974796,-0.7017180000000001,0.08,0.19,-0.2,0,0.0
-0.16118647,-0.7017180000000001,0.05,0.27,-0.2,0,0.0
0.69292486,-0.7017180000000001,0.05,0.27,-0.2,0,0.0
0.46619877,-0.7017180000000001,0.05,0.27,-0.2,0,0.0
0.43623453,-0.577723,0.05,0.27,-0.28518518518518515,0,0.0
0.2969373,-0.577723,0.05,0.27,-0.28518518518518515,0,0.0
0.374534,-0.577723,0.13,0.38,-0.28518518518518515,0,0.0
0.19902346,-0.577723,0.13,0.38,-0.28518518518518515,0,0.0
0.32268748,-0.577723,0.13,0.38,-0.28518518518518515,0,0.0
0.32268748,-0.577723,0.12,-0.0,-0.28518518518518515,0,0.0
0.5011939999999999,-0.577723,0.12,-0.0,-0.28518518518518515,0,0.0
0.108106256,-0.577723,0.12,-0.0,-0.28518518518518515,0,0.0
0.108106256,-0.577723,-0.0,0.08,-0.28518518518518515,0,0.0
0.22221075,-0.577723,-0.0,0.08,-0.28518518518518515,0,0.0
0.22384344,0.0,-0.0,0.08,0.0,0,0.0
-0.22212589,0.0,-0.0,0.08,0.0,0,0.0
-0.22212589,0.0,0.14,0.19,0.0,0,0.0
-0.16696835,0.0,0.11,0.07,0.0,0,0.0
0.08607367,0.0,0.11,0.07,0.0,0,0.0
-0.04440783,0.0,0.11,0.07,0.0,0,0.0
0.1050124,0.0,0.11,0.07,0.0,0,0.0
0.1050124,0.0,0.11,0.07,0.4,0,0.0
0.12803444,0.0,0.11,0.07,0.375,0,0.0
-0.03963484,0.0,0.11,0.07,0.375,0,0.0
-0.17331985,0.0,0.11,0.07,0.375,0,0.5
-0.17331985,0.0,0.11,0.22,0.375,0,0.5
0.1142233,0.0,0.11,0.22,0.375,0,0.0
0.2811755,0.0,0.11,0.22,0.375,0,0.0
0.60902125,0.0,0.11,0.22,0.375,0,0.0
0.60902125,0.0,0.11,0.22,0.0,0,0.0
0.64546204,-0.73427,0.11,0.22,-0.5,0,0.2
0.7009935,-0.73427,0.17,0.19,-0.5,0,0.2
0.5424591999999999,-0.73427,0.17,0.19,-0.5,0,0.1
0.24763419,-0.73427,0.17,0.19,-0.5,0,0.1
0.0072364546,-0.73427,0.17,0.19,-0.5,0,0.1
0.13513857,-0.73427,0.17,0.19,-0.5,0,0.0
-0.152355,-0.73427,0.17,0.19,-0.5,0,0.0
-0.052121505,-0.73427,0.17,0.19,-0.5,0,0.0
-0.052121505,-0.73427,0.2,0.25,-0.5,0,0.0
-0.06726491,0.0,0.2,0.25,0.19166666666666665,0,0.1
0.6123503,0.0,0.2,0.25,0.19166666666666665,0,0.2
0.713542,0.0,0.2,0.25,0.19166666666666665,0,0.4
0.713542,-0.8600399999999999,0.2,0.25,-0.15,0,0.4
0.69122076,-0.8600399999999999,0.17,0.19,-0.15,0,0.4
0.19674973,-0.8600399999999999,0.17,0.19,-0.15,0,0.4
0.6838144,-0.8600399999999999,0.17,0.19,-0.15,0,0.2
0.24210864,-0.8600399999999999,0.17,0.19,-0.15,0,0.2
0.3622066,-0.8600399999999999,0.17,0.19,-0.15,0,0.4
0.029936813,-0.8600399999999999,0.17,0.19,-0.15,0,0.5
0.029936813,0.0,0.17,0.19,0.0625,0,0.5
0.7123896,0.0,0.17,0.19,0.0625,0,0.3
0.7117449,0.0,0.06,0.24,0.0625,0,0.2
0.4981048,0,0.06,0.24,0,0,0.2
0.35544944,0,0.06,0.24,0,0,0.2
0.5124943000000001,0,0.06,0.24,0,0,0.2
0.70393884,0.8804350000000001,0.24,0.18,0.2,1,0.2
0.7111188,0.8804350000000001,0.17,0.13,0.2,1,0.2
0.7111188,0.8804350000000001,0.38,0.32,0.2,1,0.2
0.7189810000000001,0.888541,0.38,0.32,0.3866666666666667,1,0.2
0.7123361,0.888541,0.38,0.32,0.3866666666666667,1,0.2
0.7123361,0.888541,0.21,0.06,0.3866666666666667,1,0.1
0.7583614000000001,0.888541,0.11,0.04,0.3866666666666667,1,0.1
0.7583614000000001,0.888541,0.11,0.04,0.3866666666666667,1,0.0
0.68439084,0.888541,0.22,0.08,0.3866666666666667,1,0.0
0.66882044,0.888541,0.22,0.08,0.3866666666666667,1,0.0
0.6361119000000001,0.888541,0.22,0.08,0.3866666666666667,1,0.3
0.63367796,0.888541,0.18,0.11,0.3866666666666667,1,0.4
0.7073904000000001,0.646806,0.18,0.11,0.0,1,0.4
0.6527809,0.646806,0.26,0.06,0.0,1,0.4
0.6527809,-0.505814,0.26,0.06,-0.25,1,0.2
0.70690495,-0.505814,0.26,0.06,-0.25,1,0.2
0.70690495,-0.505814,0.26,0.06,-0.25,1,0.2
0.67332566,-0.505814,0.17,0.05,-0.25,1,0.2
0.6829598000000001,-0.505814,0.19,0.06,-0.25,1,0.2
0.6902286,-0.505814,0.19,0.06,-0.25,1,0.2
0.6764148,-0.505814,0.16,0.13,-0.25,1,0.2
-0.14427556,-0.505814,0.16,0.13,-0.25,1,0.1
0.07828811,-0.505814,0.16,0.13,-0.25,1,0.1
0.08868893,-0.505814,0.19,0.1,-0.25,1,0.1
-0.01861582,-0.505814,0.19,0.1,-0.25,1,0.1
0.09761463,-0.505814,0.19,0.1,-0.25,1,0.1
-0.011174507,-0.505814,0.19,0.1,-0.25,1,0.1
-0.011174507,-0.505814,0.3,0.09,-0.25,1,0.0
0.25088477,-0.505814,0.3,0.09,-0.25,1,0.0
0.48261338,-0.505814,0.3,0.09,-0.25,1,0.0
0.48261338,-0.505814,0.43,0.22,-0.25,1,0.0
0.549413,-0.505814,0.37,0.35,-0.25,1,0.0
0.6831273,-0.505814,0.37,0.35,-0.25,1,0.0
0.5775836,-0.505814,0.37,0.35,-0.25,1,0.0
0.4990670999999999,0.0,0.37,0.35,0.1,1,0.0
0.4990670999999999,0.0,0.24,0.18,0.1,1,0.0
0.5305051,0.0,0.04,-0.08,0.1,1,0.0
0.25797987,0.0,0.04,-0.08,0.1,1,0.0
0.31848168,0.0,0.11,0.1,0.1,1,0.0
0.116829954,0.0,0.11,0.1,0.1,1,0.0
0.116829954,0.0,0.11,0.1,0.0,1,0.0
0.19722818,0.0,0.27,0.22,0.0,1,0.0
0.019195478,0.0,0.27,0.22,0.0,1,0.0
0.055165756,0.0,0.21,0.09,0.0,1,0.0
0.22395025,0.0,0.21,0.09,0.0,1,0.0
0.22395025,0.0,0.32,0.2,0.0,1,0.0
0.048349436,0.0,0.32,0.2,0.0,1,0.0
0.25884408,0.0,0.32,0.2,0.0,1,0.0
0.49647883,0.0,0.32,0.2,0.0,1,0.0
0.49647883,0.0,0.21,0.08,0.0,1,0.0
0.62518775,0.0,0.21,0.08,0.0,1,0.0
0.34985596,0.0,0.21,0.08,0.0,1,0.0
0.34985596,0.0,0.18,0.16,0.0,1,0.0
0.08867127,0.0,0.18,0.16,0.0,1,0.0
0.018901251,0.0,0.08,0.09,0.0,1,0.0
0.13063446,0.0,0.08,0.09,0.0,1,0.0
0.13063446,0.0,0.29,0.16,0.0,1,0.0
0.31972268,0.0,0.29,0.16,0.0,1,0.0
0.17438795,0.0,0.29,0.16,0.0,1,0.2
0.29258084,0.0,0.29,0.16,0.0,1,0.3
0.568901,0.0,0.29,0.16,0.0,1,0.2
0.49866438,0.0,0.12,0.05,0.0,1,0.2
0.6849899,0.0,0.12,0.05,0.0,1,0.2
0.6849899,0.0,0.36,0.12,0.0,1,0.1
0.7095259,0.0,0.16,0.04,0.0,1,0.1
0.7062668000000001,0.0,0.2,0.22,0.0,1,0.1
0.7115081,0.0,0.22,0.08,0.0,1,0.1
0.4626625,0.0,0.22,0.08,0.0,1,0.1
0.59690225,0.0,0.22,0.08,0.0,1,0.1
0.08039666,0.0,0.22,0.08,0.0,1,0.1
0.08039666,0.0,0.13,-0.15,0.0,1,0.0
0.08039666,0.0,0.13,-0.15,0.0,1,0.0
0.6565208,0.0,0.13,-0.15,0.0,1,0.0
0.68693733,0.0,0.13,-0.15,0.0,1,0.2
0.68693733,-0.820042,0.13,-0.15,-0.25,1,0.2
0.64416355,-0.820042,0.19,0.09,-0.25,1,0.6
0.60964113,-0.820042,0.11,0.11,-0.25,1,0.9
0.4897706,-0.820042,0.11,0.11,-0.25,1,0.9
0.36139384,-0.820042,0.11,0.11,-0.25,1,0.9
0.36139384,-0.820042,0.3,0.09,-0.25,1,0.5
0.067168795,-0.820042,0.3,0.09,-0.25,1,0.5
0.21283373,-0.820042,0.3,0.09,-0.25,1,0.4
0.21283373,-0.820042,0.23,0.1,-0.25,1,0.3
0.40302178,-0.820042,0.23,0.1,-0.25,1,0.3
0.3368671,-0.820042,0.22,0.12,-0.25,1,0.8
0.3944286,-0.820042,0.09,0.15,-0.25,1,0.4
-0.11406745,-0.820042,0.09,0.15,-0.25,1,0.3
0.044730388,-0.820042,0.09,0.15,-0.25,1,0.3
0.17062318,-0.820042,0.09,0.15,-0.25,1,0.2
0.08655553,-0.820042,0.09,0.15,-0.25,1,0.2
0.6907573,-0.820042,0.09,0.15,-0.25,1,0.2
0.6907573,-0.820042,0.32,0.34,-0.25,1,0.2
0.69089854,-0.820042,0.27,0.13,-0.25,1,0.2
0.57071877,-0.820042,0.27,0.13,-0.25,1,0.0
0.57071877,-0.820042,0.27,0.13,-0.25,1,0.0
0.57071877,-0.820042,0.27,0.13,-0.25,1,0.0
0.7136651999999999,-0.820042,0.27,0.13,-0.25,1,0.0
0.6631022,-0.820042,0.27,0.13,-0.25,1,0.0
0.28444606,-0.820042,0.27,0.13,-0.25,1,0.0
0.28444606,-0.820042,0.27,0.13,-0.25,1,0.0
0.54305875,-0.820042,0.27,0.13,-0.25,1,0.0
0.36850768,-0.820042,0.27,0.13,-0.25,1,0.0
0.36850768,-0.820042,0.27,0.13,-0.25,1,0.0
0.41889632,-0.820042,0.29,0.22,-0.25,1,0.0
0.20257708,-0.820042,0.29,0.22,-0.25,1,0.0
0.36673534,-0.820042,0.29,0.22,-0.25,1,-0.2
0.28282425,-0.820042,0.2,0.02,-0.25,1,-0.2
0.62891793,-0.820042,0.2,0.02,-0.25,1,-0.2
0.62891793,-0.820042,0.36,0.19,-0.25,1,-0.2
0.56140476,0.0,0.36,0.19,0.0,1,-0.2
0.38612613,0.0,0.36,0.19,0.0,1,-0.2
0.46564347,0.0,0.27,-0.06,0.0,1,-0.2
0.40758386,0.0,0.31,0.11,0.0,1,-0.2
0.15504242,0.0,0.31,0.11,0.0,1,-0.2
0.11126110000000003,0.0,0.4,0.17,0.0,1,-0.2
-0.35625523,0.0,0.4,0.17,0.0,1,-0.2
-0.17662726,0.0,0.4,0.17,0.0,1,-0.2
-0.17662726,0.0,0.31,0.16,0.0,1,-0.2
-0.20582339,0.0,0.27,0.04,0.0,1,0.4
-0.04898692,0.0,0.27,0.04,0.0,1,0.7
-0.04898692,-0.751933,0.27,0.04,-0.3499999999999999,1,0.6
0.06476719,-0.751933,0.27,0.04,-0.3499999999999999,1,0.7
0.5840539,-0.751933,0.27,0.04,-0.3499999999999999,1,0.8
0.5840539,-0.751933,0.27,0.04,-0.3499999999999999,1,0.8
0.7051308000000001,-0.751933,0.27,0.04,-0.3499999999999999,1,0.6
0.45966074,-0.751933,0.27,0.04,-0.3499999999999999,1,0.6
0.45966074,-0.751933,0.04,-0.02,-0.3499999999999999,1,0.0
0.2915377,-0.751933,0.04,-0.02,-0.3499999999999999,1,0.7
0.2915377,-0.751933,0.23,0.08,-0.3499999999999999,1,0.5
0.30896184,-0.751933,0.23,0.08,-0.3499999999999999,1,0.4
0.30896184,-0.751933,0.23,0.08,-0.3499999999999999,1,0.7
0.30173755,-0.751933,0.33,0.24,-0.3499999999999999,1,0.8
0.02688151,-0.751933,0.33,0.24,-0.3499999999999999,1,0.6
0.02688151,-0.751933,0.33,0.24,-0.3499999999999999,1,0.5
0.02688151,-0.751933,0.33,0.24,-0.3499999999999999,1,0.5
0.54539585,-0.751933,0.33,0.24,-0.3499999999999999,1,0.5
0.7058755,-0.751933,0.33,0.24,-0.3499999999999999,1,0.5
0.72200733,-0.751933,0.33,0.24,-0.3499999999999999,1,0.4
0.7161871,-0.751933,0.33,0.24,-0.3499999999999999,1,0.3
0.7114893,-0.751933,0.15,0.07,-0.3499999999999999,1,0.2
0.706271,-0.751933,0.25,-0.05,-0.3499999999999999,1,0.2
0.7033047,-0.751933,0.24,0.21,-0.3499999999999999,1,0.2
0.6877585,-0.751933,0.24,0.21,-0.3499999999999999,1,0.2
0.6877585,-0.751933,0.05,-0.13,-0.3499999999999999,1,0.2
0.64878005,0.0,0.05,-0.13,-0.4,1,0.1
0.5423044,0.0,0.05,-0.13,-0.4,1,0.1
0.5423044,0.0,0.17,0.1,-0.4,1,0.1
0.28160742,0.0,0.18,0.1,-0.4,1,0.0
0.31550133,0.0,0.41,0.33,-0.4,1,0.0
0.4328382000000001,0.0,0.41,0.33,-0.4,1,0.0
0.4774607,0.0,0.41,0.33,0.0,1,0.0
0.50115687,0.52284,0.41,0.33,0.05,1,0.0
0.50115687,0.52284,0.32,0.16,0.05,1,0.0
0.13476929,0.52284,0.32,0.16,0.05,1,0.0
0.4412754,0.52284,0.32,0.16,0.05,1,0.0
0.4412754,0.52284,0.31,0.2,0.05,1,0.0
0.2804333,0.52284,0.31,0.2,0.05,1,0.0
0.2804333,0.52284,0.12,-0.01,0.05,1,0.0
0.12186783,0.52284,0.12,-0.01,0.05,1,0.0
0.12186783,0.52284,0.21,0.15,0.05,1,0.0
0.39654857,0.52284,0.21,0.15,0.05,1,0.0
0.39654857,0.52284,0.19,-0.01,0.05,1,0.0
0.13736993,0.52284,0.19,-0.01,0.05,1,0.0
-0.12213829,0.52284,0.19,-0.01,0.05,1,0.0
-0.12213829,0.52284,0.24,0.15,0.05,1,0.0
0.1751009,0.52284,0.24,0.15,0.05,1,0.0
0.24986914,0.52284,0.2,-0.04,0.05,1,0.0
0.26409078,0.52284,-0.06,0.08,0.05,1,-0.2
0.39042094,0.52284,-0.06,0.08,0.05,1,-0.1
0.39042094,0.52284,-0.06,0.08,0.05,1,-0.1
0.55011773,0.52284,-0.06,0.08,0.05,1,-0.1
0.71101534,0.52284,-0.06,0.08,0.05,1,-0.1
0.71101534,0,0.24,0.22,0,1,-0.1
0.71853536,0,0.18,-0.01,0,1,-0.1
0.72770864,0.557817,0.28,0.36,0.0,0,0.4
0.58888197,0.557817,0.28,0.36,0.0,0,0.4
0.7061347,0.557817,0.28,0.36,0.0,0,0.7
0.7061347,0.0,0.28,0.36,0.0,0,0.8
0.6399811,0.0,0.84,0.61,0.0,0,0.5
0.6399811,0.0,0.22,0.03,0.0,0,0.2
0.5507395,0.0,0.22,0.03,0.0,0,0.2
0.5507395,0.0,0.17,-0.06,0.0,0,0.2
0.52890253,0.0,-0.41,-0.24,0.0,0,0.3
0.52890253,0.0,-0.41,-0.24,0.0,0,0.3
0.6510657,0.0,-0.41,-0.24,0.0,0,0.3
0.69308114,0.0,0.18,-0.09,0.0,0,1.0
0.28724462,0.0,0.18,-0.09,0.0,0,1.0
0.28724462,0.0,0.18,-0.09,0.0,0,1.0
0.28724462,0.0,0.13,0.02,0.0,0,1.0
-0.08528063,0.0,0.13,0.02,0.0,0,1.0
-0.08528063,0.0,0.13,0.02,0.0,0,1.0
0.30753765,0.0,0.2,-0.01,0.0,0,1.0
0.69980717,0.0,0.2,-0.01,0.0,0,1.0
0.69980717,0.0,0.43,0.23,0.0,0,0.0
0.6708969,0.0,0.38,0.19,0.0,0,1.0
0.47996348,0.0,0.38,0.19,0.0,0,0.8
0.47996348,0.0,0.38,0.19,0.0,0,0.7
0.6060563,0.0,0.38,0.19,0.0,0,0.6
0.6060563,0.0,0.28,-0.09,0.0,0,0.6
0.4224749,0.0,0.28,-0.09,0.0,0,0.5
0.6519664000000001,0.0,0.28,-0.09,0.0,0,0.5
0.34331656,0.0,0.28,-0.09,0.0,0,0.3
0.097561784,0.0,0.28,-0.09,0.0,0,0.3
0.5695965000000001,0.0,0.28,-0.09,0.0,0,0.3
0.7269821,0.0,0.28,-0.09,0.0,0,0.3
0.52293867,0.0,-0.02,-0.15,0.0,0,0.3
0.60007757,0.0,0.21,0.22,0.0,0,0.3
0.63283193,0.0,0.2,0.08,0.0,0,0.3
0.4872783,0.0,0.2,0.08,0.0,0,0.3
0.558804,0.0,0.45,0.11,0.0,0,0.3
0.5546528000000001,0.0,0.17,-0.01,0.0,0,0.3
0.18143305,0.0,0.17,-0.01,0.0,0,0.3
-0.32061198,0.0,0.17,-0.01,0.0,0,0.3
-0.32061198,0.0,0.39,0.09,0.0,0,0.2
0.39785236,0.0,0.39,0.09,0.0,0,0.2
0.50621724,0.0,0.39,0.09,0.0,0,0.2
0.50621724,0.0,0.05,-0.23,0.0,0,0.2
0.47282785,0.0,0.47,0.09,0.0,0,0.2
0.4985057,0.0,0.18,-0.32,0.0,0,0.2
0.24857238,0.0,0.18,-0.32,0.0,0,0.2
0.037517227,0.0,0.18,-0.32,0.0,0,0.0
0.037517227,0.0,0.11,-0.31,0.0,0,0.0
0.037517227,0.0,-0.2,-0.36,0.0,0,0.0
0.20514229,0.0,-0.2,-0.36,0.0,0,0.0
0.20514229,0.0,0.41,0.15,0.0,0,0.0
0.20514229,0.0,0.46,0.1,0.0,0,0.0
0.30671677,0.0,0.46,0.1,0.0,0,0.0
0.6709704000000001,0.0,0.29,0.04,0.0,0,0.0
0.537063,0.0,0.29,0.04,0.0,0,0.3
0.537063,0.0,0.18,-0.1,0.0,0,0.1
0.638454,0.0,0.18,-0.1,0.0,0,0.2
0.6835163000000001,0.0,0.18,-0.1,0.0,0,0.3
0.6508339,0.0,0.24,-0.04,0.0,0,0.2
0.6579276999999999,0.0,0.25,-0.15,0.0,0,0.3
0.6830746999999999,0.0,0.25,-0.15,0.0,0,0.3
0.6762781999999999,0.0,-0.09,-0.21,0.0,0,0.3
0.69078356,0.0,-0.09,-0.21,-0.6999999999999998,0,0.3
0.69078356,0.0,-0.09,-0.21,-0.6999999999999998,0,0.4
0.69078356,0.0,0.35,0.1,-0.6999999999999998,0,0.0
0.6545321,0.0,0.24,-0.11,-0.6999999999999998,0,0.4
0.65083665,0.0,0.24,-0.11,-0.6999999999999998,0,0.4
0.6600795,0.0,0.24,0.11,-0.6999999999999998,0,0.6
0.6600795,0.0,0.42,0.1,-0.6999999999999998,0,0.4
-0.045236126,0.0,0.42,0.1,-0.6999999999999998,0,0.4
0.6487449000000001,0.0,0.42,0.1,-0.6999999999999998,0,0.3
0.36888158,0.0,0.42,0.1,-0.6999999999999998,0,0.3
0.36888158,0.0,0.41,-0.06,-0.6999999999999998,0,0.3
0.54403996,0.0,0.41,-0.06,-0.6999999999999998,0,0.3
0.54403996,0.0,0.41,-0.06,-0.6999999999999998,0,0.2
0.59760225,0.0,0.41,-0.06,0.5,0,0.2
0.71758395,0.0,0.41,-0.06,0.5,0,0.0
0.71758395,0.0,0.41,-0.06,-0.6999999999999998,0,0.2
0.7173179000000001,-0.660733,0.41,-0.06,-0.6999999999999998,0,0.2
0.34252125,-0.660733,0.41,-0.06,-0.6999999999999998,0,0.2
0.34252125,-0.660733,0.41,-0.06,-0.6999999999999998,0,0.2
0.34252125,-0.660733,0.45,0.14,-0.6999999999999998,0,0.2
0.55326116,-0.660733,0.45,0.14,-0.6999999999999998,0,0.0
0.353385,-0.660733,0.45,0.14,-0.6999999999999998,0,0.2
0.353385,-0.660733,0.3,0.08,-0.6999999999999998,0,0.2
0.353385,-0.660733,0.3,0.08,-0.2833333333333333,0,0.2
0.38855496,0.0,0.3,0.08,-0.2833333333333333,0,0.2
0.47660702,0.0,-0.04,-0.17,-0.2833333333333333,0,0.2
0.33033090000000004,0.0,-0.04,-0.17,-0.2833333333333333,0,0.2
-0.01249253,0.0,-0.04,-0.17,-0.2833333333333333,0,0.2
-0.01249253,0.0,-0.04,-0.17,-0.2833333333333333,0,0.2
0.4461969,0.0,-0.04,-0.17,-0.2833333333333333,0,0.2
0.4461969,0.0,0.35,0.16,-0.2833333333333333,0,0.2
0.6595493,0.0,0.35,0.16,-0.2833333333333333,0,0.2
0.6595493,0.0,0.19,-0.08,-0.2833333333333333,0,0.2
0.71249384,0.0,0.19,-0.08,-0.2833333333333333,0,0.4
0.71249384,0.0,0.19,-0.08,-0.2833333333333333,0,0.5
0.64960736,0.0,0.19,-0.08,-0.2833333333333333,0,0.5
0.6961379,0.0,0.19,-0.08,-0.2833333333333333,0,0.5
0.47327483,0.0,0.19,-0.08,-0.2833333333333333,0,0.4
0.40508893,0.0,0.27,-0.12,-0.2833333333333333,0,0.4
0.24908668,0.0,0.27,-0.12,-0.2833333333333333,0,0.4
0.24908668,0.0,0.27,-0.12,-0.2833333333333333,0,0.4
0.41315553,0.0,0.27,-0.12,-0.2833333333333333,0,0.4
0.36171132,0.0,0.38,0.11,-0.2833333333333333,0,0.4
0.14976032,0.0,0.38,0.11,-0.2833333333333333,0,0.4
0.267317,0.0,0.38,0.11,-0.2833333333333333,0,0.3
0.267317,0.0,0.28,-0.11,-0.2833333333333333,0,0.3
0.31440446,0.0,0.53,0.13,-0.2833333333333333,0,0.3
0.5882063,0.0,0.53,0.13,-0.2833333333333333,0,0.2
0.6347906999999999,0.0,0.37,0.16,-0.2833333333333333,0,0.2
0.56363523,0.0,0.27,-0.0,-0.2833333333333333,0,0.2
0.7128059,0.0,0.27,-0.0,-0.2833333333333333,0,0.2
0.7128059,0.0,0.27,-0.0,0.0,0,0.2
0.4524345,0.0,0.27,-0.0,0.0,0,0.2
0.4524345,0.0,0.27,-0.0,-0.6999999999999998,0,0.2
0.7237236,0.0,0.27,-0.0,-0.6999999999999998,0,0.2
0.7237236,-0.660305,0.27,-0.0,-0.6999999999999998,0,0.2
0.7237236,-0.660305,0.36,0.13,-0.6999999999999998,0,0.2
0.6857804,-0.660305,0.36,0.13,-0.6999999999999998,0,0.1
0.5609137,-0.660305,0.36,0.13,-0.6999999999999998,0,0.0
0.68884385,-0.660305,0.36,0.13,-0.6999999999999998,0,0.2
0.68884385,-0.660305,0.42,0.06,-0.6999999999999998,0,0.1
0.5603795,-0.660305,0.42,0.06,-0.6999999999999998,0,0.1
0.5603795,-0.660305,0.43,0.12,-0.6999999999999998,0,0.1
0.3068714,-0.660305,0.43,0.12,-0.6999999999999998,0,0.1
0.3068714,-0.660305,0.43,0.12,-0.125,0,0.1
0.6552099,-0.660305,0.43,0.12,-0.125,0,0.1
0.6552099,0.0,0.43,0.12,-0.125,0,0.1
0.6983979,0.0,0.43,0.12,-0.125,0,0.1
0.68111354,0.0,0.25,-0.12,-0.125,0,0.2
0.68111354,0.0,0.25,-0.12,-0.125,0,0.2
0.66898566,0.0,0.09,-0.26,-0.125,0,0.2
0.6761984999999999,0.0,0.48,0.12,-0.125,0,0.2
0.6705789000000001,0.0,0.3,-0.01,-0.125,0,0.2
0.6767799,0.0,0.3,-0.01,-0.125,0,0.2
0.33386233,0.0,0.3,-0.01,-0.125,0,0.2
0.33386233,0.0,0.3,-0.01,0.14444444444444446,0,0.2
0.5676999,0.0,0.3,-0.01,0.14444444444444446,0,0.2
0.5676999,-0.77093,0.3,-0.01,0.14444444444444446,0,0.3
0.46677223,-0.77093,0.3,-0.01,0.14444444444444446,0,0.3
0.65320235,-0.77093,0.3,-0.01,0.14444444444444446,0,0.4
0.65320235,-0.77093,0.3,-0.01,0.14444444444444446,0,0.4
0.71522653,0.74364,0.3,-0.01,0.14444444444444446,0,0.4
0.7180768,0.74364,0.48,0.1,0.14444444444444446,0,0.4
0.70296174,0.74364,0.48,0.1,0.14444444444444446,0,0.4
0.68903816,0.74364,0.39,0.23,0.14444444444444446,0,0.4
0.7047300999999999,0.74364,0.39,0.23,0.14444444444444446,0,0.4
0.7084291,0.74364,0.39,0.23,0.3619047619047619,0,0.4
0.7084291,0.639458,0.39,0.23,0.3619047619047619,0,0.4
0.3873805,0.639458,0.39,0.23,0.3619047619047619,0,0.4
0.3873805,0.639458,0.39,0.23,0.3619047619047619,0,0.3
0.5075662000000001,0.639458,0.39,0.23,0.3619047619047619,0,0.3
0.31524405,0.639458,0.39,0.23,0.3619047619047619,0,0.3
0.29918587,0.639458,0.32,0.02,0.3619047619047619,0,0.2
0.3686765,0.639458,0.32,0.02,0.3619047619047619,0,0.2
0.30286506,0.639458,0.48,0.16,0.3619047619047619,0,0.2
0.66667885,0.639458,0.48,0.16,0.3619047619047619,0,0.2
0.66667885,0.639458,0.48,0.16,0.3619047619047619,0,0.2
0.66667885,0.639458,0.41,0.2,0.3619047619047619,0,0.2
0.66093487,0.639458,0.41,0.2,0.3619047619047619,0,0.2
0.6687668999999999,0.639458,0.28,-0.12,0.3619047619047619,0,0.2
0.7003454000000001,0.639458,0.28,-0.12,0.3619047619047619,0,0.2
0.7003454000000001,0.639458,0.28,-0.12,0.3619047619047619,0,0.2
0.68332213,0.639458,-0.16,-0.2,0.3619047619047619,0,0.2
0.6902377,0.639458,0.5,0.19,0.3619047619047619,0,0.2
0.68648535,0.639458,0.5,0.19,0.3619047619047619,0,0.3
0.68648535,0.639458,0.28,0.13,0.3619047619047619,0,0.3
0.6840987,0.639458,0.45,0.13,0.3619047619047619,0,0.5
0.6840987,0.639458,0.27,0.05,0.3619047619047619,0,0.6
0.048191555,0.639458,0.27,0.05,0.3619047619047619,0,0.0
0.23934011,0.639458,0.27,0.05,0.3619047619047619,0,0.6
-0.32766268,0.639458,0.27,0.05,0.3619047619047619,0,0.5
-0.32766268,0.639458,0.18,-0.08,0.3619047619047619,0,0.5
0.709943,0.639458,0.18,-0.08,0.3619047619047619,0,0.5
0.709943,0.639458,0.66,0.42,0.3619047619047619,0,0.5
0.47583,0.639458,0.66,0.42,0.3619047619047619,0,0.5
0.709025,0.639458,0.66,0.42,0.3619047619047619,0,0.4
0.709025,0.639458,0.26,0.06,0.3619047619047619,0,0.0
0.709025,0.639458,0.26,0.06,-0.15,0,0.3
0.7242562,0.5631390000000001,0.26,0.06,-0.15,0,0.3
0.7242562,0.5631390000000001,0.42,0.17,-0.15,0,0.3
0.7010024,0.5631390000000001,0.37,0.11,-0.15,0,0.3
0.6858155,0.5631390000000001,0.38,0.06,-0.15,0,0.4
0.6858155,0.5631390000000001,0.38,0.06,-0.15,0,0.4
0.71137357,0.5631390000000001,0.38,0.06,-0.15,0,0.4
0.71137357,0.5631390000000001,0.4,0.21,-0.15,0,0.4
0.6939585,0.5631390000000001,0.4,0.21,-0.15,0,0.4
0.70917577,0.5631390000000001,0.32,0.05,-0.15,0,0.3
0.69294465,0.5631390000000001,0.32,0.05,-0.15,0,0.3
0.71937716,0.5631390000000001,0.11,-0.12,-0.15,0,0.3
0.71396023,0.5631390000000001,0.11,-0.12,-0.15,0,0.3
0.7216756999999999,0.5631390000000001,0.24,-0.08,-0.15,0,0.3
0.731071,0.5631390000000001,0.24,-0.08,-0.15,0,0.3
0.731071,0.5631390000000001,0.24,-0.08,-0.15,0,0.3
0.7177873,0.5631390000000001,0.24,-0.08,0.06519274376417232,0,0.3
0.7186068,-0.75618,0.24,-0.08,0.06519274376417232,0,0.3
0.7381819000000001,-0.75618,0.35,-0.04,0.06519274376417232,0,0.3
0.70224535,-0.75618,0.35,-0.04,0.06519274376417232,0,0.3
0.70224535,-0.75618,0.37,-0.08,0.06519274376417232,0,0.4
0.68427056,-0.75618,0.6,-0.0,0.06519274376417232,0,1.0
0.1999637,-0.75618,0.6,-0.0,0.06519274376417232,0,1.0
0.1999637,-0.75618,0.42,0.09,0.06519274376417232,0,1.0
0.49945143,-0.75618,0.42,0.09,0.06519274376417232,0,1.0
0.49945143,-0.75618,0.31,0.04,0.06519274376417232,0,1.0
0.49945143,-0.75618,0.31,0.04,0.06519274376417232,0,1.0
0.62883353,-0.75618,0.31,0.04,0.06519274376417232,0,1.0
0.5743752,-0.75618,0.33,0.13,0.06519274376417232,0,1.0
0.39514598,-0.75618,0.33,0.13,0.06519274376417232,0,1.0
0.45298597,-0.75618,0.28,0.1,0.06519274376417232,0,1.0
0.6642353,-0.75618,0.28,0.1,0.06519274376417232,0,1.0
0.68807256,-0.75618,0.28,0.1,0.06519274376417232,0,1.0
0.5045241,-0.75618,0.28,0.1,0.06519274376417232,0,1.0
0.28661034,-0.75618,0.28,0.1,0.06519274376417232,0,1.0
0.3196724,-0.75618,0.28,0.1,0.06519274376417232,0,1.0
0.3196724,-0.75618,0.28,0.1,0.06519274376417232,0,1.0
0.76426554,-0.75618,0.28,0.1,0.06519274376417232,0,1.0
0.54064155,-0.75618,0.28,0.1,0.06519274376417232,0,1.0
0.53739136,-0.75618,0.28,0.1,0.06519274376417232,0,1.0
0.53739136,-0.75618,0.38,0.13,0.06519274376417232,0,1.0
0.53739136,-0.75618,0.38,0.13,0.06519274376417232,0,0.0
-0.117690906,-0.75618,0.38,0.13,0.06519274376417232,0,1.0
0.70951504,-0.75618,0.38,0.13,0.06519274376417232,0,1.0
0.5367668999999999,-0.75618,0.38,0.13,0.06519274376417232,0,1.0
0.5367668999999999,-0.75618,0.38,0.13,0.06519274376417232,0,0.9
0.097033925,-0.75618,0.38,0.13,0.06519274376417232,0,0.9
0.097033925,-0.75618,0.07,-0.07,0.06519274376417232,0,0.6
0.24808437,-0.75618,0.07,-0.07,0.06519274376417232,0,0.6
0.47897318,-0.75618,0.07,-0.07,0.06519274376417232,0,0.6
0.47897318,-0.75618,0.07,-0.07,-0.22499999999999995,0,0.6
0.3974327,0.0,0.07,-0.07,-0.22499999999999995,0,0.6
0.59223104,0.0,0.07,-0.07,-0.22499999999999995,0,0.6
0.67591393,0.0,0.3,0.12,-0.22499999999999995,0,0.6
0.54509145,0.0,0.3,0.12,-0.22499999999999995,0,0.4
0.6989789000000001,0.0,0.05,-0.12,-0.22499999999999995,0,0.4
0.5829078000000001,0.0,0.05,-0.12,-0.22499999999999995,0,1.0
0.19357519,0.0,0.05,-0.12,-0.22499999999999995,0,1.0
0.44066507,0.0,0.05,-0.12,-0.22499999999999995,0,1.0
0.44066507,0.0,0.05,-0.12,-0.22499999999999995,0,0.9
0.26325333,0.0,0.05,-0.12,-0.22499999999999995,0,0.8
0.6613460999999999,0.0,0.05,-0.12,-0.22499999999999995,0,0.8
0.6918213000000001,0.0,0.05,-0.12,0,0,0.7
0.6918213000000001,0.0,-0.17,-0.22,0,0,0.7
0.7073074,0.0,-0.17,-0.22,0,0,0.7
0.7080354999999999,0.0,0.3,0.07,0,0,0.7
0.69497275,0.0,0.23,0.12,0,0,0.7
0.69497275,0.0,0.23,0.12,0,0,0.7
0.6357038,0.0,0.23,0.12,0,0,0.7
0.6847538000000001,0.0,-0.18,-0.23,0,0,0.5
0.6863483,0.0,-0.18,-0.23,0,0,0.7
